-0.444  0.001 -0.024 144 164 123
-0.442 -0.001 -0.022 136 163 128
-0.444  0.002 -0.027 151 167 120
-0.441  0.002 -0.025 93 103 69
-0.440 -0.000 -0.022 84 93 61
-0.438 -0.002 -0.021 109 93 77
-0.436 -0.003 -0.016 118 139 113
-0.434 -0.005 -0.013 158 161 129
-0.440  0.003 -0.027 106 109 80
-0.439  0.001 -0.025 74 96 61
-0.437 -0.001 -0.023 78 97 59
-0.436 -0.002 -0.021 76 96 63
-0.434 -0.003 -0.017 77 96 63
-0.431 -0.004 -0.014 96 94 70
-0.429 -0.006 -0.011 112 122 93
-0.428 -0.007 -0.009 138 155 127
-0.439  0.004 -0.028 117 97 101
-0.438  0.002 -0.027 78 97 68
-0.437  0.001 -0.025 114 103 59
-0.436 -0.001 -0.024 148 145 65
-0.435 -0.002 -0.022 183 131 67
-0.432 -0.003 -0.019 112 95 63
-0.431 -0.005 -0.015 76 102 68
-0.428 -0.006 -0.012 78 103 68
-0.426 -0.008 -0.010 92 101 69
-0.425 -0.009 -0.008 115 110 87
-0.426 -0.011 -0.008 131 153 125
-0.437  0.006 -0.029 127 101 101
-0.436  0.005 -0.028 80 90 57
-0.436  0.003 -0.028 88 104 56
-0.436  0.000 -0.027 159 155 70
-0.434 -0.001 -0.024 127 118 63
-0.433 -0.003 -0.022 163 142 68
-0.431 -0.003 -0.020 115 108 73
-0.429 -0.005 -0.017 91 114 73
-0.428 -0.006 -0.014 88 113 74
-0.424 -0.008 -0.010 89 113 74
-0.423 -0.009 -0.008 87 114 76
-0.424 -0.011 -0.008 93 112 77
-0.423 -0.013 -0.008 119 115 93
-0.424 -0.015 -0.008 137 161 129
-0.434  0.009 -0.029 132 114 110
-0.433  0.006 -0.028 83 90 56
-0.434  0.004 -0.028 74 100 56
-0.433  0.003 -0.027 148 114 57
-0.433  0.001 -0.026 132 129 71
-0.432 -0.001 -0.024 111 137 81
-0.431 -0.002 -0.023 134 121 72
-0.429 -0.004 -0.021 172 132 80
-0.427 -0.006 -0.017 131 126 77
-0.426 -0.006 -0.015 108 132 81
-0.424 -0.008 -0.012 105 132 82
-0.423 -0.010 -0.010 100 127 81
-0.422 -0.011 -0.009 96 123 83
-0.421 -0.012 -0.008 99 121 85
-0.421 -0.014 -0.007 115 128 94
-0.423 -0.017 -0.010 143 145 109
-0.425 -0.019 -0.011 168 178 141
-0.432  0.010 -0.030 138 129 117
-0.431  0.009 -0.028 84 92 55
-0.431  0.007 -0.027 72 97 57
-0.432  0.005 -0.028 139 102 54
-0.431  0.003 -0.027 185 159 70
-0.430  0.001 -0.026 167 142 80
-0.429 -0.000 -0.025 124 122 76
-0.429 -0.002 -0.024 165 135 75
-0.427 -0.004 -0.021 150 145 77
-0.426 -0.006 -0.019 170 131 78
-0.424 -0.007 -0.017 146 153 88
-0.423 -0.008 -0.013 125 153 88
-0.421 -0.010 -0.011 119 144 91
-0.420 -0.011 -0.010 115 141 93
-0.419 -0.013 -0.009 110 138 96
-0.419 -0.015 -0.008 130 149 105
-0.420 -0.017 -0.009 144 158 121
-0.420 -0.019 -0.009 158 170 133
-0.422 -0.021 -0.011 181 178 142
-0.424 -0.023 -0.014 193 184 146
-0.429  0.012 -0.030 145 147 118
-0.430  0.011 -0.029 89 97 59
-0.429  0.008 -0.027 74 94 57
-0.429  0.006 -0.028 113 104 56
-0.428  0.005 -0.027 194 127 67
-0.429  0.003 -0.026 206 146 74
-0.428  0.001 -0.026 147 124 74
-0.427 -0.001 -0.025 165 124 74
-0.428 -0.003 -0.024 169 169 77
-0.425 -0.005 -0.022 142 170 83
-0.425 -0.006 -0.021 150 142 80
-0.423 -0.007 -0.018 177 137 73
-0.421 -0.008 -0.015 164 147 77
-0.420 -0.010 -0.013 139 156 99
-0.419 -0.011 -0.012 131 155 103
-0.419 -0.014 -0.011 136 156 109
-0.418 -0.015 -0.010 155 164 123
-0.418 -0.016 -0.009 173 179 137
-0.418 -0.018 -0.009 184 188 143
-0.419 -0.020 -0.009 180 184 149
-0.419 -0.022 -0.010 175 178 140
-0.421 -0.025 -0.013 169 180 139
-0.427  0.014 -0.030 158 169 128
-0.426  0.012 -0.029 93 90 70
-0.427  0.010 -0.028 70 93 58
-0.426  0.009 -0.028 95 112 56
-0.426  0.007 -0.027 173 147 65
-0.426  0.004 -0.026 211 146 67
-0.426  0.003 -0.026 160 130 66
-0.426  0.001 -0.026 131 143 75
-0.425 -0.000 -0.024 190 149 68
-0.424 -0.003 -0.023 181 143 63
-0.423 -0.004 -0.023 156 170 74
-0.422 -0.005 -0.021 183 165 84
-0.422 -0.008 -0.019 194 153 86
-0.420 -0.008 -0.017 162 160 83
-0.419 -0.010 -0.015 156 161 103
-0.419 -0.012 -0.014 146 177 118
-0.418 -0.014 -0.013 174 179 132
-0.417 -0.015 -0.011 201 198 141
-0.416 -0.016 -0.010 196 193 145
-0.416 -0.018 -0.010 190 195 154
-0.417 -0.020 -0.010 181 190 157
-0.417 -0.022 -0.010 161 179 143
-0.419 -0.025 -0.012 145 162 133
-0.421 -0.028 -0.016 136 149 129
-0.424  0.016 -0.030 171 181 135
-0.423  0.014 -0.028 99 91 82
-0.424  0.012 -0.028 70 93 62
-0.424  0.010 -0.028 75 97 59
-0.424  0.008 -0.027 133 134 60
-0.423  0.007 -0.026 195 153 70
-0.423  0.005 -0.026 156 137 64
-0.422  0.003 -0.026 117 141 77
-0.423  0.001 -0.024 158 158 70
-0.422 -0.000 -0.023 163 169 73
-0.422 -0.002 -0.023 163 148 70
-0.421 -0.004 -0.022 152 148 72
-0.421 -0.006 -0.021 161 150 71
-0.420 -0.007 -0.020 159 157 78
-0.419 -0.009 -0.018 136 161 99
-0.418 -0.010 -0.016 172 149 125
-0.418 -0.012 -0.015 208 208 136
-0.417 -0.014 -0.014 247 195 157
-0.416 -0.015 -0.013 225 231 163
-0.415 -0.017 -0.010 227 205 156
-0.415 -0.019 -0.011 204 201 159
-0.415 -0.021 -0.011 179 188 154
-0.415 -0.023 -0.011 151 172 136
-0.417 -0.025 -0.013 124 146 113
-0.419 -0.027 -0.015 102 121 105
-0.420 -0.030 -0.018 136 140 110
-0.422  0.016 -0.029 120 91 93
-0.421  0.015 -0.027 75 88 56
-0.421  0.013 -0.028 70 95 57
-0.421  0.011 -0.027 113 161 77
-0.420  0.008 -0.026 134 148 77
-0.420  0.007 -0.026 142 164 81
-0.420  0.005 -0.025 117 127 74
-0.420  0.004 -0.024 155 133 71
-0.419  0.001 -0.023 194 150 71
-0.418  0.000 -0.023 180 144 69
-0.419 -0.002 -0.022 151 151 72
-0.418 -0.004 -0.021 153 146 67
-0.418 -0.005 -0.021 149 146 71
-0.418 -0.008 -0.020 140 164 92
-0.417 -0.009 -0.019 167 148 129
-0.417 -0.010 -0.017 216 224 178
-0.416 -0.012 -0.017 216 188 177
-0.415 -0.014 -0.015 245 215 184
-0.414 -0.015 -0.013 242 232 202
-0.413 -0.017 -0.011 218 233 182
-0.414 -0.019 -0.012 200 206 156
-0.413 -0.021 -0.011 160 173 137
-0.413 -0.022 -0.011 128 153 113
-0.415 -0.024 -0.013 102 125 92
-0.417 -0.028 -0.016 93 122 90
-0.418 -0.029 -0.018 133 134 110
-0.420  0.018 -0.030 126 101 108
-0.419  0.016 -0.028 80 96 63
-0.418  0.014 -0.027 69 92 56
-0.418  0.013 -0.027 145 102 63
-0.418  0.011 -0.025 190 125 65
-0.418  0.009 -0.025 132 135 70
-0.417  0.007 -0.024 96 119 71
-0.416  0.006 -0.022 148 127 79
-0.417  0.004 -0.022 178 139 72
-0.416  0.002 -0.022 156 162 70
-0.416  0.000 -0.021 180 156 71
-0.415 -0.002 -0.020 158 140 72
-0.416 -0.004 -0.021 149 152 70
-0.416 -0.006 -0.021 145 161 85
-0.415 -0.007 -0.020 138 152 114
-0.416 -0.009 -0.019 208 226 171
-0.415 -0.010 -0.019 218 173 182
-0.414 -0.013 -0.018 220 192 192
-0.414 -0.014 -0.016 254 239 171
-0.412 -0.016 -0.015 255 218 189
-0.411 -0.017 -0.013 199 223 208
-0.412 -0.019 -0.012 163 187 141
-0.412 -0.020 -0.012 133 155 118
-0.411 -0.022 -0.012 105 133 101
-0.413 -0.025 -0.014 95 119 90
-0.415 -0.027 -0.016 100 122 96
-0.418  0.019 -0.030 138 124 112
-0.417  0.018 -0.029 83 89 59
-0.416  0.016 -0.027 64 91 56
-0.415  0.014 -0.026 68 94 59
-0.415  0.013 -0.025 187 111 70
-0.414  0.011 -0.025 206 127 67
-0.415  0.009 -0.024 119 113 73
-0.414  0.007 -0.022 87 118 70
-0.413  0.006 -0.022 112 131 75
-0.413  0.004 -0.021 167 134 78
-0.413  0.002 -0.021 143 158 79
-0.413  0.001 -0.020 140 169 77
-0.412 -0.002 -0.020 162 168 83
-0.413 -0.004 -0.020 147 160 84
-0.413 -0.006 -0.020 118 158 99
-0.414 -0.007 -0.020 194 209 151
-0.414 -0.009 -0.021 223 207 171
-0.414 -0.011 -0.021 218 168 130
-0.414 -0.013 -0.020 233 188 181
-0.413 -0.014 -0.018 254 181 178
-0.413 -0.016 -0.018 242 242 207
-0.411 -0.018 -0.015 189 193 154
-0.411 -0.019 -0.014 140 159 118
-0.410 -0.021 -0.015 108 134 102
-0.411 -0.023 -0.014 92 119 91
-0.413 -0.026 -0.016 93 117 95
-0.415 -0.028 -0.018 114 124 103
-0.415  0.022 -0.029 149 152 119
-0.414  0.019 -0.029 90 92 63
-0.413  0.018 -0.027 64 91 58
-0.413  0.017 -0.026 64 91 59
-0.413  0.015 -0.025 65 92 59
-0.412  0.013 -0.025 106 90 55
-0.412  0.011 -0.024 113 88 57
-0.411  0.009 -0.023 86 100 62
-0.412  0.008 -0.023 81 113 70
-0.411  0.006 -0.022 92 122 71
-0.410  0.004 -0.021 121 140 72
-0.410  0.002 -0.020 122 145 81
-0.411  0.000 -0.020 125 151 84
-0.410 -0.001 -0.020 139 154 77
-0.410 -0.003 -0.019 139 154 89
-0.411 -0.005 -0.019 171 157 122
-0.411 -0.007 -0.021 197 216 179
-0.412 -0.009 -0.021 235 126 117
-0.412 -0.011 -0.021 243 179 126
-0.412 -0.013 -0.020 239 194 171
-0.412 -0.014 -0.020 252 245 205
-0.411 -0.016 -0.019 200 204 187
-0.410 -0.018 -0.017 152 168 130
-0.411 -0.020 -0.018 118 140 112
-0.411 -0.022 -0.018 93 118 90
-0.411 -0.024 -0.018 88 121 91
-0.411 -0.026 -0.017 102 122 94
-0.414 -0.028 -0.021 126 135 109
-0.412  0.023 -0.029 159 169 125
-0.412  0.022 -0.029 95 91 69
-0.411  0.020 -0.028 68 88 55
-0.411  0.018 -0.026 64 90 57
-0.410  0.016 -0.026 64 92 59
-0.410  0.015 -0.025 66 94 74
-0.410  0.013 -0.024 56 96 91
-0.410  0.011 -0.024 63 95 67
-0.409  0.009 -0.023 68 101 64
-0.409  0.007 -0.022 74 107 69
-0.409  0.006 -0.021 85 114 75
-0.408  0.004 -0.021 95 125 79
-0.408  0.003 -0.021 107 138 85
-0.408  0.000 -0.020 117 144 91
-0.408 -0.002 -0.019 123 153 93
-0.408 -0.003 -0.019 139 152 95
-0.409 -0.005 -0.020 204 176 129
-0.409 -0.007 -0.020 202 169 169
-0.410 -0.009 -0.021 233 130 133
-0.409 -0.012 -0.021 228 208 175
-0.410 -0.013 -0.022 247 252 227
-0.410 -0.015 -0.020 202 231 198
-0.410 -0.016 -0.021 154 169 129
-0.410 -0.019 -0.020 131 146 113
-0.410 -0.021 -0.021 107 130 102
-0.411 -0.023 -0.021 106 121 91
-0.411 -0.024 -0.022 104 119 91
-0.412 -0.026 -0.021 125 124 98
-0.415 -0.029 -0.025 143 141 117
-0.409  0.023 -0.028 102 91 83
-0.409  0.022 -0.027 68 88 57
-0.409  0.020 -0.027 66 91 57
-0.408  0.019 -0.026 62 94 58
-0.408  0.017 -0.026 63 94 67
-0.407  0.014 -0.025 138 153 104
-0.408  0.013 -0.024 156 164 140
-0.407  0.011 -0.024 172 159 100
-0.407  0.009 -0.023 93 94 84
-0.406  0.008 -0.022 69 100 62
-0.405  0.006 -0.020 77 106 69
-0.406  0.004 -0.021 85 115 76
-0.406  0.002 -0.020 94 123 83
-0.405  0.001 -0.019 102 134 85
-0.406 -0.001 -0.019 110 142 90
-0.405 -0.003 -0.019 153 161 95
-0.406 -0.005 -0.019 156 194 127
-0.406 -0.007 -0.020 202 208 182
-0.408 -0.009 -0.020 253 212 163
-0.408 -0.011 -0.022 255 197 176
-0.408 -0.013 -0.021 214 244 200
-0.408 -0.015 -0.021 154 169 134
-0.408 -0.017 -0.021 126 152 120
-0.409 -0.019 -0.022 112 139 112
-0.409 -0.021 -0.022 106 115 102
-0.410 -0.022 -0.023 104 116 99
-0.411 -0.025 -0.024 172 114 94
-0.412 -0.027 -0.025 181 151 113
-0.415 -0.031 -0.030 172 148 122
-0.407  0.026 -0.029 116 96 100
-0.407  0.024 -0.027 71 88 57
-0.406  0.022 -0.027 63 90 56
-0.407  0.020 -0.027 63 89 58
-0.406  0.018 -0.026 63 94 63
-0.406  0.016 -0.025 96 97 80
-0.405  0.015 -0.024 169 128 97
-0.405  0.013 -0.024 165 155 125
-0.405  0.012 -0.024 166 175 130
-0.405  0.009 -0.022 88 107 118
-0.404  0.008 -0.021 68 96 61
-0.403  0.006 -0.021 71 100 63
-0.404  0.005 -0.020 77 105 68
-0.403  0.002 -0.019 82 112 73
-0.403  0.000 -0.020 89 119 78
-0.404 -0.002 -0.020 96 126 86
-0.403 -0.003 -0.019 120 138 92
-0.403 -0.005 -0.019 132 180 104
-0.404 -0.007 -0.019 208 177 130
-0.405 -0.009 -0.021 187 209 172
-0.405 -0.011 -0.021 184 200 185
-0.406 -0.013 -0.021 172 169 130
-0.406 -0.015 -0.021 141 150 116
-0.407 -0.017 -0.023 121 141 103
-0.407 -0.019 -0.023 100 126 93
-0.408 -0.021 -0.023 103 121 94
-0.410 -0.023 -0.026 135 111 89
-0.411 -0.026 -0.028 192 169 108
-0.412 -0.028 -0.030 210 140 113
-0.416 -0.031 -0.034 201 159 123
-0.405  0.028 -0.029 128 109 107
-0.405  0.025 -0.028 77 90 54
-0.404  0.024 -0.027 63 92 56
-0.404  0.022 -0.027 63 91 56
-0.404  0.020 -0.027 65 92 59
-0.403  0.019 -0.025 97 92 80
-0.403  0.016 -0.025 131 122 120
-0.403  0.014 -0.025 165 188 147
-0.402  0.013 -0.024 154 149 125
-0.403  0.011 -0.023 115 131 123
-0.402  0.010 -0.021 113 125 89
-0.402  0.008 -0.022 76 92 60
-0.401  0.006 -0.020 65 96 60
-0.402  0.004 -0.020 70 100 62
-0.401  0.003 -0.019 76 106 66
-0.401  0.001 -0.019 83 110 73
-0.401 -0.001 -0.019 88 119 82
-0.401 -0.003 -0.018 106 129 89
-0.402 -0.005 -0.020 122 142 101
-0.402 -0.007 -0.020 152 163 116
-0.404 -0.009 -0.022 158 187 125
-0.404 -0.011 -0.022 144 175 130
-0.405 -0.012 -0.022 131 155 119
-0.405 -0.015 -0.023 122 137 105
-0.405 -0.018 -0.023 104 128 95
-0.406 -0.019 -0.025 101 132 86
-0.407 -0.022 -0.026 118 104 88
-0.409 -0.024 -0.028 198 126 93
-0.412 -0.027 -0.033 172 126 105
-0.413 -0.029 -0.034 204 154 116
-0.403  0.029 -0.029 137 138 118
-0.402  0.027 -0.028 82 89 57
-0.402  0.026 -0.027 65 91 56
-0.402  0.024 -0.027 65 92 55
-0.402  0.022 -0.027 65 92 59
-0.401  0.020 -0.026 81 95 69
-0.402  0.018 -0.025 95 135 100
-0.401  0.017 -0.025 135 165 134
-0.401  0.015 -0.024 153 136 143
-0.400  0.013 -0.023 112 136 121
-0.399  0.011 -0.023 142 157 108
-0.400  0.009 -0.022 92 124 122
-0.399  0.008 -0.021 69 94 59
-0.399  0.006 -0.020 64 96 60
-0.398  0.004 -0.020 66 98 62
-0.399  0.002 -0.019 71 101 66
-0.398  0.001 -0.018 74 106 73
-0.398 -0.001 -0.018 82 112 79
-0.399 -0.003 -0.018 97 122 82
-0.399 -0.005 -0.018 109 137 96
-0.399 -0.007 -0.019 132 143 114
-0.400 -0.009 -0.020 129 142 112
-0.401 -0.010 -0.020 120 143 110
-0.402 -0.013 -0.022 107 129 97
-0.403 -0.015 -0.023 97 123 92
-0.404 -0.017 -0.025 102 113 87
-0.406 -0.019 -0.026 104 98 83
-0.406 -0.022 -0.028 124 116 92
-0.409 -0.025 -0.032 182 152 114
-0.413 -0.027 -0.038 187 163 129
-0.399  0.031 -0.028 153 163 126
-0.399  0.029 -0.027 96 89 67
-0.399  0.027 -0.027 67 89 57
-0.399  0.025 -0.027 63 91 58
-0.399  0.024 -0.027 65 91 59
-0.399  0.022 -0.026 68 97 63
-0.399  0.021 -0.025 91 134 85
-0.398  0.018 -0.025 138 183 119
-0.399  0.016 -0.024 146 151 104
-0.398  0.015 -0.023 119 162 114
-0.398  0.013 -0.023 136 126 100
-0.397  0.012 -0.022 110 155 125
-0.398  0.010 -0.021 79 98 64
-0.397  0.008 -0.020 66 94 65
-0.396  0.006 -0.020 69 97 63
-0.396  0.005 -0.019 67 101 66
-0.395  0.003 -0.018 72 101 67
-0.396  0.001 -0.018 85 106 71
-0.396 -0.001 -0.018 85 114 79
-0.395 -0.003 -0.017 98 120 87
-0.397 -0.004 -0.019 112 128 96
-0.396 -0.007 -0.018 114 136 101
-0.397 -0.008 -0.020 106 126 104
-0.399 -0.011 -0.022 96 122 94
-0.401 -0.013 -0.024 92 117 83
-0.401 -0.015 -0.025 103 106 84
-0.403 -0.018 -0.026 103 95 91
-0.404 -0.020 -0.029 119 107 86
-0.406 -0.023 -0.031 179 130 107
-0.410 -0.026 -0.037 221 194 155
-0.415 -0.029 -0.043 191 187 173
-0.396  0.031 -0.026 95 114 104
-0.396  0.029 -0.025 71 103 67
-0.396  0.027 -0.026 63 92 58
-0.396  0.025 -0.026 64 92 60
-0.396  0.024 -0.025 65 97 63
-0.397  0.022 -0.025 87 127 84
-0.396  0.020 -0.025 162 137 116
-0.396  0.019 -0.023 138 182 141
-0.395  0.017 -0.023 124 152 96
-0.396  0.015 -0.024 117 106 105
-0.396  0.013 -0.023 111 141 126
-0.395  0.011 -0.022 84 112 74
-0.394  0.010 -0.021 107 104 81
-0.395  0.008 -0.020 117 126 86
-0.394  0.006 -0.019 79 100 84
-0.394  0.004 -0.018 70 101 77
-0.393  0.003 -0.018 78 105 71
-0.394  0.001 -0.018 91 106 75
-0.393 -0.000 -0.017 95 117 82
-0.393 -0.002 -0.017 100 128 90
-0.394 -0.004 -0.017 103 132 100
-0.394 -0.006 -0.019 106 129 99
-0.396 -0.009 -0.020 95 120 88
-0.398 -0.011 -0.023 90 116 85
-0.400 -0.013 -0.025 85 117 84
-0.401 -0.016 -0.026 97 123 97
-0.401 -0.018 -0.028 104 99 85
-0.404 -0.021 -0.032 139 129 100
-0.406 -0.023 -0.034 208 180 134
-0.410 -0.027 -0.040 240 202 159
-0.394  0.033 -0.026 115 111 101
-0.394  0.031 -0.026 71 93 57
-0.394  0.029 -0.026 62 95 60
-0.393  0.028 -0.025 63 92 60
-0.394  0.025 -0.024 61 94 62
-0.394  0.024 -0.024 96 98 86
-0.393  0.022 -0.024 149 124 122
-0.393  0.020 -0.023 156 159 140
-0.393  0.018 -0.023 141 151 124
-0.393  0.017 -0.023 117 117 121
-0.394  0.015 -0.023 163 159 116
-0.393  0.013 -0.023 97 96 95
-0.393  0.012 -0.021 109 117 90
-0.392  0.009 -0.021 107 103 113
-0.392  0.008 -0.020 111 136 105
-0.391  0.007 -0.018 105 136 119
-0.391  0.005 -0.018 120 106 102
-0.391  0.003 -0.018 94 115 80
-0.390  0.001 -0.017 92 117 89
-0.391 -0.001 -0.017 96 124 87
-0.391 -0.003 -0.016 105 124 92
-0.391 -0.004 -0.017 106 126 89
-0.392 -0.006 -0.019 99 121 85
-0.394 -0.009 -0.021 87 115 85
-0.396 -0.011 -0.025 80 114 83
-0.398 -0.013 -0.027 92 118 83
-0.400 -0.016 -0.028 102 109 90
-0.402 -0.018 -0.032 152 105 89
-0.403 -0.021 -0.034 215 157 117
-0.406 -0.024 -0.038 204 174 162
-0.410 -0.027 -0.045 225 200 167
-0.392  0.035 -0.027 134 130 114
-0.391  0.032 -0.026 82 90 64
-0.391  0.031 -0.026 62 90 60
-0.392  0.029 -0.025 64 93 60
-0.391  0.027 -0.024 63 91 61
-0.392  0.025 -0.026 90 94 78
-0.391  0.024 -0.024 121 123 120
-0.391  0.022 -0.023 165 181 142
-0.391  0.021 -0.023 168 146 113
-0.391  0.018 -0.023 120 148 116
-0.391  0.016 -0.023 151 153 98
-0.390  0.015 -0.022 110 107 109
-0.391  0.013 -0.021 74 96 76
-0.390  0.012 -0.020 95 138 111
-0.389  0.009 -0.019 87 133 94
-0.389  0.008 -0.018 92 130 93
-0.388  0.007 -0.017 95 130 87
-0.389  0.005 -0.017 108 124 101
-0.388  0.003 -0.017 118 153 96
-0.388  0.002 -0.016 102 141 116
-0.389 -0.000 -0.016 97 121 90
-0.389 -0.002 -0.017 97 122 89
-0.390 -0.004 -0.018 96 119 89
-0.390 -0.007 -0.019 89 117 87
-0.392 -0.008 -0.021 85 109 81
-0.396 -0.012 -0.026 91 109 87
-0.398 -0.014 -0.029 97 115 96
-0.400 -0.017 -0.032 135 115 99
-0.402 -0.019 -0.035 212 166 123
-0.404 -0.021 -0.038 241 200 167
-0.406 -0.024 -0.041 234 187 157
-0.410 -0.028 -0.048 202 181 161
-0.390  0.034 -0.027 116 115 97
-0.390  0.032 -0.027 81 95 71
-0.390  0.031 -0.026 74 94 60
-0.390  0.029 -0.026 64 91 60
-0.389  0.028 -0.025 61 93 64
-0.389  0.026 -0.025 109 109 89
-0.389  0.023 -0.024 112 158 123
-0.389  0.022 -0.023 120 124 125
-0.388  0.020 -0.023 110 115 78
-0.389  0.018 -0.023 143 137 72
-0.389  0.017 -0.023 133 136 94
-0.388  0.015 -0.021 80 93 61
-0.388  0.014 -0.021 61 97 73
-0.387  0.012 -0.020 84 129 95
-0.387  0.010 -0.018 125 126 91
-0.387  0.009 -0.017 83 120 100
-0.386  0.006 -0.017 113 103 73
-0.386  0.005 -0.017 135 121 86
-0.386  0.003 -0.016 137 163 112
-0.386  0.001 -0.016 108 152 128
-0.387 -0.001 -0.017 94 117 84
-0.387 -0.003 -0.018 88 115 83
-0.389 -0.005 -0.019 85 115 82
-0.390 -0.007 -0.021 86 115 80
-0.394 -0.010 -0.027 95 110 88
-0.397 -0.013 -0.031 96 117 105
-0.398 -0.015 -0.034 128 132 117
-0.401 -0.018 -0.038 206 181 134
-0.403 -0.021 -0.042 236 185 159
-0.406 -0.023 -0.045 240 201 175
-0.410 -0.027 -0.052 240 194 157
-0.389  0.034 -0.029 117 80 71
-0.388  0.033 -0.028 77 82 63
-0.388  0.031 -0.027 74 91 63
-0.388  0.029 -0.027 73 97 69
-0.387  0.027 -0.026 73 93 63
-0.388  0.025 -0.025 79 92 65
-0.387  0.024 -0.024 78 116 86
-0.387  0.022 -0.024 77 112 90
-0.386  0.021 -0.023 69 96 63
-0.386  0.018 -0.022 91 110 74
-0.387  0.016 -0.022 77 99 82
-0.386  0.015 -0.022 68 98 60
-0.385  0.014 -0.020 65 95 65
-0.385  0.012 -0.019 72 98 66
-0.385  0.010 -0.018 98 124 77
-0.384  0.008 -0.018 109 137 93
-0.384  0.007 -0.017 123 134 95
-0.383  0.004 -0.015 140 143 99
-0.383  0.004 -0.015 144 157 112
-0.384  0.002 -0.016 103 120 98
-0.384 -0.000 -0.016 87 118 91
-0.385 -0.002 -0.017 90 115 82
-0.387 -0.005 -0.019 84 109 77
-0.388 -0.007 -0.022 87 120 82
-0.392 -0.010 -0.027 188 171 103
-0.396 -0.013 -0.035 168 145 126
-0.398 -0.015 -0.037 208 188 166
-0.400 -0.018 -0.041 234 178 158
-0.404 -0.021 -0.045 243 186 158
-0.406 -0.024 -0.049 221 191 161
-0.387  0.034 -0.030 112 79 69
-0.386  0.033 -0.028 77 81 60
-0.387  0.030 -0.027 76 81 58
-0.386  0.029 -0.027 72 84 61
-0.385  0.027 -0.026 71 84 65
-0.385  0.026 -0.025 80 98 64
-0.385  0.023 -0.025 73 90 61
-0.385  0.022 -0.024 64 95 58
-0.384  0.020 -0.022 64 93 59
-0.384  0.019 -0.022 61 97 61
-0.385  0.017 -0.023 63 96 63
-0.384  0.015 -0.022 64 95 59
-0.383  0.013 -0.020 65 96 61
-0.383  0.012 -0.019 65 98 63
-0.383  0.010 -0.019 73 103 64
-0.383  0.009 -0.018 86 99 72
-0.382  0.007 -0.017 99 123 97
-0.382  0.005 -0.016 102 139 115
-0.382  0.003 -0.017 103 117 92
-0.382  0.001 -0.016 93 115 81
-0.382 -0.001 -0.016 85 115 85
-0.383 -0.002 -0.018 86 113 80
-0.385 -0.005 -0.020 82 116 80
-0.386 -0.007 -0.022 192 141 90
-0.390 -0.010 -0.029 232 175 131
-0.396 -0.013 -0.037 221 182 162
-0.398 -0.016 -0.040 230 188 161
-0.400 -0.019 -0.044 238 178 145
-0.403 -0.022 -0.048 228 183 147
-0.406 -0.025 -0.053 188 174 144
-0.385  0.034 -0.030 111 80 67
-0.385  0.032 -0.029 78 84 60
-0.385  0.030 -0.029 77 81 59
-0.384  0.029 -0.028 74 82 60
-0.384  0.028 -0.026 89 81 62
-0.383  0.025 -0.026 76 94 68
-0.383  0.024 -0.025 85 81 70
-0.383  0.022 -0.024 78 100 60
-0.382  0.021 -0.023 71 93 60
-0.382  0.019 -0.023 65 96 59
-0.383  0.017 -0.023 62 95 62
-0.382  0.015 -0.022 65 96 60
-0.381  0.013 -0.021 66 97 62
-0.381  0.012 -0.020 67 100 65
-0.381  0.009 -0.019 70 102 67
-0.381  0.008 -0.018 70 104 70
-0.381  0.006 -0.018 82 105 74
-0.381  0.004 -0.019 84 113 76
-0.381  0.003 -0.018 86 113 81
-0.381  0.001 -0.018 85 113 80
-0.382 -0.001 -0.018 82 112 81
-0.383 -0.003 -0.021 81 112 77
-0.384 -0.005 -0.022 166 126 86
-0.385 -0.007 -0.025 235 196 127
-0.390 -0.011 -0.031 232 186 159
-0.395 -0.014 -0.039 234 184 171
-0.397 -0.017 -0.043 235 182 156
-0.401 -0.020 -0.048 227 168 147
-0.403 -0.022 -0.051 227 184 148
-0.406 -0.026 -0.057 167 136 120
-0.410 -0.029 -0.063 145 143 116
-0.385  0.034 -0.033 112 78 67
-0.385  0.032 -0.032 81 84 60
-0.384  0.030 -0.031 78 85 59
-0.383  0.029 -0.029 75 82 60
-0.382  0.026 -0.028 108 100 71
-0.383  0.025 -0.027 102 107 83
-0.382  0.024 -0.025 96 97 72
-0.381  0.022 -0.024 77 95 71
-0.380  0.020 -0.024 87 77 66
-0.380  0.018 -0.023 72 93 63
-0.381  0.016 -0.023 68 95 62
-0.380  0.015 -0.022 64 96 63
-0.380  0.014 -0.022 65 100 65
-0.379  0.011 -0.020 68 101 66
-0.380  0.010 -0.020 73 105 70
-0.379  0.008 -0.019 75 105 72
-0.379  0.006 -0.020 76 108 73
-0.380  0.005 -0.019 79 107 78
-0.379  0.003 -0.019 86 107 76
-0.379  0.001 -0.019 83 116 80
-0.380 -0.001 -0.021 81 111 79
-0.382 -0.003 -0.022 112 126 81
-0.382 -0.005 -0.024 226 212 109
-0.384 -0.007 -0.026 242 192 129
-0.388 -0.011 -0.032 230 191 157
-0.393 -0.014 -0.041 239 190 151
-0.397 -0.018 -0.046 247 185 145
-0.400 -0.020 -0.051 235 153 136
-0.403 -0.023 -0.056 185 134 131
-0.406 -0.026 -0.060 145 137 107
-0.410 -0.030 -0.066 157 154 120
-0.385  0.033 -0.036 110 80 69
-0.383  0.031 -0.034 81 84 60
-0.384  0.030 -0.033 79 84 59
-0.383  0.028 -0.031 77 84 58
-0.382  0.026 -0.030 110 104 71
-0.381  0.025 -0.029 106 110 81
-0.380  0.024 -0.027 101 110 88
-0.380  0.021 -0.026 75 92 85
-0.379  0.020 -0.025 81 81 59
-0.380  0.018 -0.024 71 91 63
-0.379  0.017 -0.024 89 86 60
-0.378  0.014 -0.023 73 93 65
-0.378  0.013 -0.022 70 99 64
-0.378  0.011 -0.021 71 101 67
-0.378  0.010 -0.020 74 107 75
-0.378  0.008 -0.020 73 105 74
-0.377  0.007 -0.020 77 106 73
-0.378  0.005 -0.019 80 107 76
-0.378  0.003 -0.019 80 110 76
-0.379  0.001 -0.021 78 110 77
-0.379 -0.001 -0.022 87 122 78
-0.381 -0.003 -0.024 206 191 92
-0.382 -0.006 -0.025 248 208 116
-0.384 -0.008 -0.028 240 187 144
-0.386 -0.011 -0.034 235 194 160
-0.393 -0.015 -0.043 208 185 145
-0.396 -0.018 -0.048 225 177 150
-0.400 -0.020 -0.054 174 136 143
-0.402 -0.024 -0.059 146 128 99
-0.405 -0.026 -0.063 140 146 114
-0.385  0.033 -0.039 103 81 76
-0.384  0.031 -0.038 80 86 57
-0.383  0.030 -0.036 79 84 60
-0.382  0.028 -0.034 76 84 62
-0.381  0.027 -0.032 110 105 71
-0.380  0.025 -0.031 111 115 82
-0.379  0.023 -0.028 116 109 82
-0.378  0.021 -0.028 82 92 78
-0.378  0.020 -0.026 115 105 71
-0.378  0.018 -0.025 106 94 70
-0.377  0.016 -0.025 84 87 70
-0.377  0.014 -0.024 81 93 68
-0.376  0.013 -0.022 93 97 62
-0.376  0.012 -0.021 82 93 72
-0.376  0.010 -0.021 86 106 70
-0.376  0.008 -0.020 83 107 73
-0.375  0.006 -0.020 74 107 75
-0.376  0.004 -0.020 75 105 73
-0.376  0.002 -0.020 76 105 72
-0.377  0.001 -0.022 76 110 77
-0.377 -0.001 -0.022 194 143 83
-0.379 -0.004 -0.025 248 204 107
-0.381 -0.006 -0.028 251 202 121
-0.383 -0.008 -0.030 238 187 160
-0.386 -0.011 -0.035 222 189 177
-0.392 -0.015 -0.045 229 158 122
-0.396 -0.018 -0.052 181 130 107
-0.399 -0.021 -0.057 140 126 100
-0.402 -0.024 -0.062 133 138 108
-0.406 -0.028 -0.067 164 156 122
-0.384  0.033 -0.042 108 78 63
-0.384  0.031 -0.041 81 86 59
-0.383  0.030 -0.039 79 85 61
-0.382  0.027 -0.037 79 83 62
-0.381  0.026 -0.035 109 100 68
-0.380  0.024 -0.033 123 108 78
-0.379  0.023 -0.031 128 108 72
-0.378  0.021 -0.029 87 88 70
-0.377  0.020 -0.027 133 87 68
-0.377  0.018 -0.026 128 135 108
-0.376  0.016 -0.025 87 106 95
-0.375  0.015 -0.024 88 80 61
-0.374  0.013 -0.023 82 98 69
-0.375  0.012 -0.023 74 86 68
-0.374  0.009 -0.022 80 95 61
-0.374  0.008 -0.021 81 99 69
-0.374  0.006 -0.020 76 107 75
-0.373  0.005 -0.020 78 105 73
-0.374  0.003 -0.020 79 110 76
-0.375  0.000 -0.022 156 123 82
-0.375 -0.002 -0.022 238 212 111
-0.379 -0.004 -0.027 254 207 107
-0.381 -0.006 -0.030 249 198 125
-0.383 -0.009 -0.034 239 189 161
-0.385 -0.011 -0.037 172 187 171
-0.392 -0.016 -0.048 218 196 133
-0.396 -0.019 -0.056 159 134 118
-0.399 -0.023 -0.062 130 139 109
-0.403 -0.025 -0.066 138 145 116
-0.405 -0.028 -0.071 201 177 142
-0.409 -0.032 -0.077 243 201 165
-0.384  0.033 -0.045 105 76 63
-0.383  0.030 -0.043 77 88 60
-0.382  0.029 -0.042 79 84 59
-0.381  0.028 -0.041 79 85 62
-0.380  0.026 -0.038 120 108 75
-0.379  0.024 -0.035 127 105 78
-0.378  0.023 -0.034 127 110 74
-0.377  0.021 -0.032 87 86 67
-0.376  0.019 -0.029 101 104 74
-0.375  0.018 -0.029 123 104 93
-0.374  0.016 -0.027 102 114 92
-0.374  0.015 -0.025 103 91 69
-0.374  0.013 -0.025 89 109 87
-0.373  0.011 -0.023 93 77 58
-0.373  0.009 -0.022 75 97 68
-0.372  0.008 -0.021 79 80 63
-0.372  0.007 -0.020 77 97 64
-0.372  0.004 -0.020 85 117 78
-0.372  0.003 -0.021 103 127 88
-0.374  0.001 -0.022 220 208 105
-0.374 -0.002 -0.023 224 181 103
-0.378 -0.004 -0.029 250 208 113
-0.379 -0.007 -0.033 250 195 130
-0.382 -0.009 -0.036 243 188 151
-0.386 -0.012 -0.043 166 142 122
-0.392 -0.016 -0.053 172 181 136
-0.395 -0.020 -0.059 188 140 143
-0.399 -0.023 -0.065 150 136 118
-0.403 -0.026 -0.070 160 160 125
-0.406 -0.030 -0.075 210 184 166
-0.410 -0.032 -0.081 245 192 167
-0.384  0.032 -0.049 106 76 63
-0.382  0.031 -0.046 77 85 59
-0.382  0.028 -0.046 78 86 58
-0.381  0.027 -0.044 77 85 63
-0.380  0.025 -0.041 116 103 70
-0.379  0.024 -0.040 110 105 78
-0.378  0.022 -0.037 119 105 78
-0.377  0.021 -0.034 85 82 70
-0.376  0.019 -0.033 116 117 84
-0.375  0.018 -0.031 115 102 84
-0.374  0.016 -0.029 87 78 61
-0.373  0.014 -0.028 107 92 68
-0.372  0.012 -0.026 86 97 89
-0.372  0.011 -0.024 105 101 71
-0.371  0.010 -0.023 82 105 88
-0.370  0.007 -0.023 103 97 74
-0.370  0.006 -0.022 84 86 57
-0.371  0.004 -0.021 106 105 81
-0.370  0.002 -0.021 197 176 121
-0.372  0.001 -0.023 202 196 110
-0.372 -0.001 -0.024 202 193 100
-0.376 -0.005 -0.031 244 209 113
-0.378 -0.007 -0.033 252 190 118
-0.380 -0.009 -0.037 207 190 142
-0.386 -0.013 -0.046 147 132 104
-0.390 -0.017 -0.053 173 144 119
-0.395 -0.020 -0.061 206 181 151
-0.399 -0.024 -0.068 163 140 114
-0.402 -0.027 -0.073 190 171 134
-0.406 -0.030 -0.080 215 183 162
-0.408 -0.033 -0.085 231 220 180
-0.383  0.031 -0.052 106 77 64
-0.382  0.030 -0.050 77 82 59
-0.382  0.029 -0.050 78 82 60
-0.381  0.026 -0.047 75 87 64
-0.380  0.025 -0.045 116 106 73
-0.378  0.023 -0.043 93 83 69
-0.377  0.021 -0.040 118 114 80
-0.376  0.020 -0.037 86 81 72
-0.375  0.018 -0.036 117 121 86
-0.374  0.017 -0.034 99 103 85
-0.373  0.015 -0.031 77 80 61
-0.372  0.014 -0.030 114 94 71
-0.371  0.012 -0.028 85 87 71
-0.370  0.011 -0.026 114 100 71
-0.370  0.010 -0.024 91 113 96
-0.369  0.007 -0.023 100 120 95
-0.370  0.006 -0.023 86 77 60
-0.369  0.004 -0.022 86 101 83
-0.369  0.002 -0.024 215 168 121
-0.371 -0.000 -0.025 211 182 111
-0.372 -0.002 -0.026 229 180 101
-0.376 -0.005 -0.033 254 207 115
-0.377 -0.007 -0.035 255 190 112
-0.380 -0.010 -0.041 176 152 114
-0.387 -0.014 -0.051 152 137 108
-0.391 -0.018 -0.058 217 164 123
-0.394 -0.020 -0.064 176 155 135
-0.398 -0.024 -0.072 153 149 129
-0.402 -0.027 -0.078 217 195 168
-0.406 -0.031 -0.083 227 198 172
-0.408 -0.034 -0.088 204 221 199
-0.384  0.032 -0.056 108 79 66
-0.383  0.029 -0.054 80 84 57
-0.382  0.028 -0.053 80 82 58
-0.381  0.027 -0.051 76 85 64
-0.380  0.025 -0.048 104 103 72
-0.379  0.023 -0.047 85 82 68
-0.377  0.022 -0.043 119 110 80
-0.376  0.020 -0.041 89 84 70
-0.375  0.019 -0.039 123 114 86
-0.374  0.016 -0.036 98 112 94
-0.372  0.015 -0.033 76 80 56
-0.371  0.014 -0.032 100 86 64
-0.370  0.012 -0.029 81 81 69
-0.369  0.011 -0.026 119 108 79
-0.368  0.009 -0.026 100 107 91
-0.368  0.007 -0.025 94 118 98
-0.368  0.006 -0.024 81 81 58
-0.368  0.004 -0.023 80 90 70
-0.369  0.002 -0.025 224 179 94
-0.371 -0.000 -0.028 218 181 107
-0.371 -0.002 -0.029 247 196 110
-0.375 -0.005 -0.036 255 202 111
-0.377 -0.008 -0.038 252 189 111
-0.380 -0.011 -0.044 183 143 112
-0.386 -0.014 -0.054 210 183 128
-0.390 -0.018 -0.060 197 178 129
-0.394 -0.021 -0.069 154 144 112
-0.398 -0.025 -0.075 151 164 147
-0.402 -0.028 -0.081 202 200 202
-0.404 -0.032 -0.086 237 175 170
-0.408 -0.035 -0.091 199 193 188
-0.383  0.031 -0.059 110 85 69
-0.382  0.030 -0.058 83 87 59
-0.382  0.027 -0.056 79 84 59
-0.381  0.026 -0.054 79 84 67
-0.379  0.024 -0.052 113 116 83
-0.378  0.023 -0.049 87 81 71
-0.377  0.021 -0.046 114 114 83
-0.375  0.019 -0.044 88 81 62
-0.374  0.018 -0.042 89 82 67
-0.373  0.016 -0.039 73 81 80
-0.372  0.015 -0.037 71 83 60
-0.371  0.013 -0.034 105 103 81
-0.370  0.012 -0.032 82 81 74
-0.367  0.011 -0.029 108 103 80
-0.368  0.009 -0.028 103 103 80
-0.367  0.007 -0.027 84 103 91
-0.367  0.005 -0.026 77 82 60
-0.366  0.004 -0.026 84 92 70
-0.368  0.001 -0.027 222 187 101
-0.369 -0.001 -0.030 217 168 109
-0.371 -0.003 -0.031 251 209 116
-0.375 -0.006 -0.039 255 196 110
-0.377 -0.009 -0.041 215 185 117
-0.379 -0.011 -0.047 222 177 129
-0.386 -0.016 -0.059 217 178 144
-0.390 -0.018 -0.066 172 146 116
-0.394 -0.023 -0.073 150 162 119
-0.398 -0.026 -0.079 184 177 149
-0.403 -0.029 -0.087 204 184 202
-0.405 -0.032 -0.091 231 177 166
-0.383  0.031 -0.064 110 85 69
-0.382  0.029 -0.062 85 88 61
-0.381  0.028 -0.059 81 84 62
-0.380  0.025 -0.059 80 85 68
-0.379  0.024 -0.056 111 106 80
-0.378  0.022 -0.053 88 81 69
-0.377  0.021 -0.050 104 116 82
-0.375  0.019 -0.048 85 77 62
-0.374  0.017 -0.044 76 79 59
-0.373  0.015 -0.043 73 82 60
-0.371  0.015 -0.040 71 82 65
-0.370  0.013 -0.037 100 104 82
-0.369  0.012 -0.034 82 80 71
-0.367  0.010 -0.032 116 108 86
-0.367  0.009 -0.030 116 104 79
-0.366  0.006 -0.029 86 109 95
-0.367  0.005 -0.029 78 81 59
-0.366  0.003 -0.029 93 94 74
-0.368  0.001 -0.031 230 203 111
-0.370 -0.002 -0.034 218 172 103
-0.372 -0.004 -0.037 249 213 120
-0.376 -0.007 -0.044 255 192 114
-0.378 -0.010 -0.048 238 166 121
-0.381 -0.012 -0.054 235 194 148
-0.387 -0.017 -0.065 175 148 136
-0.390 -0.020 -0.069 184 179 112
-0.394 -0.023 -0.077 160 173 126
-0.398 -0.027 -0.083 223 202 159
-0.403 -0.030 -0.093 219 190 185
-0.382  0.031 -0.067 108 81 65
-0.382  0.028 -0.065 83 88 61
-0.381  0.027 -0.063 81 86 61
-0.380  0.026 -0.062 81 84 62
-0.379  0.024 -0.058 86 85 60
-0.378  0.022 -0.056 79 87 68
-0.377  0.020 -0.054 100 115 87
-0.374  0.019 -0.050 86 79 60
-0.373  0.017 -0.047 76 82 58
-0.372  0.016 -0.046 73 82 60
-0.371  0.014 -0.043 72 82 70
-0.370  0.013 -0.040 108 118 92
-0.369  0.011 -0.038 88 81 70
-0.367  0.009 -0.035 113 116 89
-0.367  0.008 -0.033 127 115 79
-0.366  0.007 -0.033 88 98 78
-0.366  0.004 -0.032 78 83 59
-0.365  0.003 -0.031 111 103 75
-0.369 -0.000 -0.037 218 212 116
-0.371 -0.003 -0.040 225 182 106
-0.375 -0.005 -0.045 252 209 121
-0.377 -0.008 -0.051 240 184 117
-0.379 -0.010 -0.054 225 187 139
-0.382 -0.014 -0.059 178 144 127
-0.388 -0.017 -0.070 176 137 108
-0.391 -0.021 -0.076 188 176 115
-0.394 -0.024 -0.081 161 167 138
-0.399 -0.028 -0.089 223 206 172
-0.404 -0.032 -0.099 232 157 156
-0.382  0.030 -0.071 108 78 67
-0.381  0.029 -0.069 82 85 60
-0.380  0.026 -0.068 81 86 59
-0.380  0.025 -0.066 78 86 61
-0.378  0.023 -0.062 81 86 61
-0.377  0.022 -0.060 82 87 68
-0.376  0.020 -0.058 107 114 84
-0.375  0.018 -0.054 86 80 58
-0.373  0.017 -0.052 76 83 56
-0.372  0.015 -0.049 74 83 60
-0.371  0.013 -0.046 77 84 69
-0.370  0.012 -0.044 98 119 91
-0.368  0.010 -0.041 87 81 69
-0.367  0.010 -0.038 100 120 92
-0.366  0.007 -0.036 121 107 82
-0.365  0.006 -0.035 89 89 72
-0.366  0.004 -0.035 77 83 62
-0.366  0.002 -0.035 137 116 76
-0.368  0.000 -0.038 219 216 119
-0.369 -0.002 -0.041 250 209 116
-0.374 -0.006 -0.050 250 191 119
-0.376 -0.008 -0.053 231 173 122
-0.379 -0.011 -0.058 174 141 119
-0.383 -0.015 -0.065 166 136 107
-0.388 -0.018 -0.074 164 184 116
-0.391 -0.021 -0.080 173 179 117
-0.394 -0.025 -0.085 157 169 152
-0.398 -0.028 -0.094 209 214 204
-0.404 -0.032 -0.103 213 214 177
-0.382  0.030 -0.074 111 79 65
-0.382  0.028 -0.072 81 85 62
-0.380  0.027 -0.071 79 88 58
-0.380  0.024 -0.069 81 88 61
-0.378  0.022 -0.065 79 84 63
-0.377  0.021 -0.063 80 84 65
-0.376  0.019 -0.060 87 84 63
-0.375  0.018 -0.057 79 83 60
-0.372  0.016 -0.055 76 82 59
-0.371  0.015 -0.051 75 84 59
-0.370  0.013 -0.048 81 85 66
-0.369  0.012 -0.047 101 118 81
-0.368  0.010 -0.044 92 85 68
-0.367  0.009 -0.041 104 120 96
-0.366  0.007 -0.040 113 109 78
-0.365  0.005 -0.039 89 84 61
-0.365  0.004 -0.038 79 84 64
-0.366  0.002 -0.038 175 132 80
-0.368 -0.001 -0.043 240 220 121
-0.370 -0.003 -0.046 255 200 118
-0.374 -0.007 -0.055 247 166 117
-0.378 -0.009 -0.059 183 154 129
-0.380 -0.012 -0.064 163 140 106
-0.384 -0.015 -0.070 161 183 114
-0.389 -0.020 -0.081 181 155 111
-0.392 -0.023 -0.084 174 165 118
-0.395 -0.025 -0.090 157 172 155
-0.399 -0.030 -0.098 199 228 205
-0.381  0.030 -0.078 109 81 66
-0.382  0.028 -0.076 81 86 62
-0.380  0.026 -0.074 83 84 59
-0.380  0.024 -0.072 82 85 59
-0.377  0.023 -0.068 77 83 61
-0.376  0.021 -0.065 80 85 61
-0.374  0.019 -0.062 78 84 61
-0.373  0.017 -0.059 76 84 62
-0.372  0.016 -0.056 76 83 60
-0.371  0.014 -0.053 78 82 58
-0.369  0.013 -0.051 89 88 62
-0.368  0.011 -0.049 99 117 83
-0.367  0.010 -0.047 100 93 70
-0.366  0.008 -0.044 97 117 105
-0.365  0.007 -0.043 119 127 93
-0.366  0.004 -0.042 94 83 59
-0.365  0.003 -0.042 78 88 68
-0.365  0.001 -0.042 207 155 94
-0.368 -0.002 -0.048 250 210 121
-0.370 -0.004 -0.050 242 179 112
-0.375 -0.007 -0.059 235 178 123
-0.377 -0.010 -0.064 167 154 106
-0.381 -0.013 -0.070 158 183 114
-0.384 -0.016 -0.076 178 150 111
-0.391 -0.021 -0.087 196 163 116
-0.393 -0.024 -0.092 175 171 121
-0.397 -0.027 -0.098 154 174 143
-0.401 -0.031 -0.106 175 183 178
-0.382  0.029 -0.082 111 85 69
-0.381  0.027 -0.080 84 89 62
-0.380  0.025 -0.078 82 87 61
-0.379  0.024 -0.076 82 88 62
-0.377  0.022 -0.072 80 87 62
-0.374  0.021 -0.067 80 86 59
-0.373  0.019 -0.064 77 84 61
-0.372  0.018 -0.062 77 83 61
-0.371  0.016 -0.058 75 82 59
-0.370  0.014 -0.056 76 84 58
-0.368  0.012 -0.053 97 93 64
-0.368  0.011 -0.052 97 113 86
-0.367  0.010 -0.049 108 97 73
-0.366  0.008 -0.048 97 116 106
-0.365  0.006 -0.046 117 127 96
-0.365  0.005 -0.045 93 80 57
-0.365  0.003 -0.045 81 87 68
-0.365  0.001 -0.047 221 166 94
-0.368 -0.002 -0.051 249 184 109
-0.371 -0.005 -0.056 242 172 109
-0.376 -0.009 -0.066 222 194 118
-0.380 -0.011 -0.072 183 146 106
-0.384 -0.016 -0.080 209 175 114
-0.387 -0.019 -0.086 183 180 117
-0.392 -0.022 -0.096 192 161 112
-0.396 -0.026 -0.103 172 169 123
-0.398 -0.028 -0.106 185 176 132
-0.401 -0.032 -0.112 209 183 151
-0.382  0.029 -0.086 111 85 69
-0.381  0.026 -0.085 86 91 62
-0.380  0.025 -0.082 83 86 60
-0.379  0.023 -0.080 81 86 61
-0.378  0.022 -0.077 80 85 60
-0.375  0.020 -0.071 79 86 59
-0.373  0.018 -0.068 77 83 58
-0.372  0.017 -0.065 78 84 60
-0.371  0.015 -0.061 79 82 57
-0.368  0.014 -0.059 76 86 61
-0.367  0.013 -0.056 105 93 66
-0.366  0.010 -0.054 98 119 87
-0.366  0.009 -0.052 111 98 72
-0.365  0.007 -0.051 93 110 98
-0.364  0.006 -0.049 107 114 91
-0.365  0.004 -0.048 90 81 59
-0.365  0.002 -0.049 86 89 71
-0.366 -0.001 -0.051 223 160 93
-0.368 -0.003 -0.055 243 167 109
-0.371 -0.006 -0.059 200 188 123
-0.376 -0.010 -0.069 172 143 104
-0.385 -0.014 -0.086 153 143 106
-0.390 -0.018 -0.096 207 158 110
-0.393 -0.022 -0.101 181 175 117
-0.395 -0.025 -0.106 176 178 119
-0.397 -0.027 -0.109 161 161 122
-0.399 -0.030 -0.112 187 167 138
-0.382  0.028 -0.091 108 82 65
-0.381  0.026 -0.089 82 89 61
-0.380  0.024 -0.086 85 86 59
-0.380  0.023 -0.085 84 88 61
-0.378  0.021 -0.081 83 86 59
-0.375  0.020 -0.075 80 85 58
-0.372  0.019 -0.071 78 84 60
-0.371  0.017 -0.068 76 84 60
-0.370  0.015 -0.064 78 84 59
-0.368  0.013 -0.062 78 84 60
-0.367  0.012 -0.058 116 97 70
-0.366  0.010 -0.057 91 102 86
-0.366  0.008 -0.056 113 98 69
-0.365  0.007 -0.054 101 108 86
-0.364  0.005 -0.052 97 108 90
-0.364  0.003 -0.052 84 83 60
-0.365  0.001 -0.053 89 92 75
-0.365 -0.000 -0.054 223 161 104
-0.368 -0.003 -0.060 236 178 123
-0.372 -0.006 -0.065 195 142 106
-0.377 -0.011 -0.075 153 159 111
-0.388 -0.016 -0.097 167 141 107
-0.392 -0.020 -0.103 206 149 113
-0.394 -0.022 -0.108 172 150 114
-0.397 -0.026 -0.113 187 174 121
-0.399 -0.029 -0.117 162 154 123
-0.381  0.028 -0.094 107 85 66
-0.380  0.026 -0.093 83 88 60
-0.379  0.025 -0.090 85 87 60
-0.380  0.023 -0.090 84 86 59
-0.377  0.020 -0.085 81 86 60
-0.375  0.019 -0.079 80 87 59
-0.372  0.018 -0.075 80 86 59
-0.371  0.016 -0.071 79 83 60
-0.370  0.015 -0.069 78 84 59
-0.368  0.013 -0.065 77 83 56
-0.366  0.011 -0.062 90 88 61
-0.365  0.010 -0.061 78 88 68
-0.365  0.008 -0.059 112 109 77
-0.364  0.007 -0.057 107 107 86
-0.364  0.005 -0.055 91 113 93
-0.364  0.002 -0.055 80 84 63
-0.365  0.001 -0.056 109 95 84
-0.367 -0.002 -0.059 228 178 123
-0.369 -0.004 -0.066 227 178 117
-0.380 -0.011 -0.088 173 181 107
-0.385 -0.014 -0.096 137 147 107
-0.389 -0.017 -0.103 184 174 115
-0.392 -0.021 -0.110 209 151 114
-0.396 -0.024 -0.117 202 170 117
-0.397 -0.027 -0.119 170 152 123
-0.399 -0.030 -0.123 148 155 139
-0.381  0.028 -0.098 108 85 67
-0.380  0.026 -0.097 83 88 61
-0.379  0.024 -0.095 84 88 62
-0.379  0.022 -0.094 84 87 62
-0.377  0.020 -0.089 83 88 62
-0.374  0.019 -0.084 82 87 60
-0.372  0.017 -0.079 80 85 60
-0.371  0.016 -0.075 79 84 60
-0.369  0.014 -0.073 77 83 60
-0.367  0.012 -0.068 76 85 59
-0.366  0.011 -0.067 77 84 59
-0.365  0.009 -0.064 77 82 63
-0.365  0.008 -0.062 107 102 76
-0.364  0.006 -0.060 93 102 81
-0.363  0.004 -0.060 77 95 84
-0.363  0.003 -0.059 81 87 61
-0.364  0.000 -0.061 125 107 88
-0.366 -0.002 -0.064 202 189 135
-0.370 -0.006 -0.071 200 178 103
-0.381 -0.011 -0.093 206 157 100
-0.385 -0.015 -0.101 152 140 108
-0.389 -0.018 -0.107 196 178 117
-0.392 -0.021 -0.114 211 148 114
-0.396 -0.025 -0.120 178 142 120
-0.396 -0.027 -0.122 172 153 143
-0.399 -0.030 -0.126 195 212 182
-0.401 -0.034 -0.131 235 229 193
-0.381  0.027 -0.102 110 85 69
-0.380  0.025 -0.101 85 89 64
-0.379  0.023 -0.099 84 89 62
-0.379  0.021 -0.098 84 87 62
-0.377  0.020 -0.093 83 84 60
-0.374  0.019 -0.087 82 87 61
-0.371  0.017 -0.082 81 86 60
-0.370  0.015 -0.079 78 84 60
-0.369  0.013 -0.076 77 88 61
-0.367  0.012 -0.071 77 87 64
-0.366  0.011 -0.070 92 100 75
-0.366  0.009 -0.068 82 83 65
-0.365  0.007 -0.066 85 86 67
-0.364  0.006 -0.064 80 87 63
-0.363  0.003 -0.064 77 86 62
-0.364  0.001 -0.064 80 87 65
-0.365 -0.000 -0.066 164 117 90
-0.368 -0.003 -0.070 161 141 124
-0.370 -0.006 -0.076 202 179 103
-0.381 -0.012 -0.096 216 168 104
-0.385 -0.015 -0.104 156 144 105
-0.388 -0.019 -0.111 202 163 114
-0.391 -0.021 -0.116 193 148 120
-0.394 -0.025 -0.122 175 152 141
-0.396 -0.028 -0.127 202 213 188
-0.399 -0.031 -0.133 213 217 193
-0.401 -0.034 -0.136 235 224 182
-0.380  0.027 -0.107 110 88 70
-0.380  0.024 -0.106 86 91 65
-0.378  0.023 -0.102 84 89 61
-0.379  0.022 -0.101 82 87 62
-0.376  0.019 -0.097 81 86 61
-0.373  0.018 -0.090 79 86 62
-0.371  0.016 -0.086 80 85 61
-0.370  0.014 -0.083 79 84 61
-0.368  0.014 -0.079 77 85 63
-0.366  0.012 -0.076 88 90 72
-0.365  0.010 -0.074 122 135 105
-0.365  0.009 -0.072 93 99 85
-0.364  0.006 -0.069 93 111 86
-0.364  0.005 -0.069 80 87 72
-0.364  0.003 -0.068 76 86 64
-0.363  0.001 -0.068 79 87 68
-0.365 -0.002 -0.070 133 115 89
-0.368 -0.004 -0.076 132 129 102
-0.370 -0.008 -0.081 188 184 103
-0.380 -0.012 -0.100 195 197 113
-0.383 -0.016 -0.108 153 141 111
-0.387 -0.019 -0.113 206 176 113
-0.389 -0.022 -0.118 186 179 131
-0.392 -0.025 -0.124 205 215 180
-0.396 -0.029 -0.132 224 198 185
-0.380  0.027 -0.109 107 86 68
-0.379  0.025 -0.109 86 91 66
-0.378  0.023 -0.106 86 90 64
-0.377  0.021 -0.105 83 90 66
-0.376  0.019 -0.101 83 86 61
-0.373  0.017 -0.094 81 87 64
-0.371  0.015 -0.091 80 86 62
-0.369  0.015 -0.087 77 84 61
-0.368  0.013 -0.083 78 84 60
-0.366  0.011 -0.080 84 91 72
-0.365  0.009 -0.077 112 126 105
-0.365  0.008 -0.075 89 98 100
-0.364  0.006 -0.074 119 143 112
-0.363  0.004 -0.073 124 133 99
-0.364  0.002 -0.072 91 85 65
-0.364  0.000 -0.072 79 88 77
-0.365 -0.002 -0.076 108 122 102
-0.367 -0.004 -0.080 132 136 101
-0.370 -0.007 -0.085 198 174 106
-0.379 -0.012 -0.102 213 180 110
-0.383 -0.016 -0.110 180 139 108
-0.385 -0.019 -0.115 192 172 121
-0.388 -0.023 -0.120 210 199 159
-0.392 -0.026 -0.128 227 204 183
-0.380  0.026 -0.114 106 86 68
-0.379  0.024 -0.113 89 89 65
-0.378  0.022 -0.110 90 92 70
-0.378  0.020 -0.109 103 103 82
-0.375  0.019 -0.104 90 92 66
-0.373  0.017 -0.099 83 86 63
-0.370  0.016 -0.095 80 87 59
-0.369  0.014 -0.090 79 86 58
-0.368  0.012 -0.087 77 83 59
-0.366  0.010 -0.083 82 89 69
-0.366  0.009 -0.081 96 111 96
-0.365  0.007 -0.078 102 103 85
-0.364  0.006 -0.077 127 134 120
-0.363  0.004 -0.076 127 137 105
-0.363  0.002 -0.076 93 84 65
-0.364 -0.000 -0.077 79 89 73
-0.365 -0.003 -0.079 106 123 89
-0.367 -0.005 -0.084 158 147 105
-0.369 -0.008 -0.088 210 171 110
-0.377 -0.013 -0.102 193 155 111
-0.380 -0.016 -0.109 162 151 114
-0.383 -0.019 -0.115 194 166 147
-0.386 -0.023 -0.123 222 204 183
-0.379  0.026 -0.118 106 86 67
-0.378  0.023 -0.116 85 89 65
-0.377  0.022 -0.113 90 92 73
-0.376  0.020 -0.113 103 121 92
-0.374  0.018 -0.107 99 109 81
-0.373  0.016 -0.103 96 95 69
-0.370  0.015 -0.098 82 87 63
-0.369  0.013 -0.094 79 85 61
-0.368  0.012 -0.091 79 84 61
-0.365  0.010 -0.087 82 90 68
-0.364  0.008 -0.084 82 101 89
-0.363  0.007 -0.083 101 114 89
-0.363  0.005 -0.081 132 130 113
-0.363  0.003 -0.080 107 121 89
-0.363  0.001 -0.080 83 87 66
-0.364 -0.001 -0.082 77 90 72
-0.365 -0.003 -0.083 110 123 90
-0.367 -0.006 -0.088 193 138 98
-0.369 -0.009 -0.092 223 181 111
-0.375 -0.012 -0.103 170 147 117
-0.379 -0.016 -0.110 156 153 134
-0.382 -0.019 -0.117 207 209 179
-0.379  0.025 -0.122 104 88 66
-0.378  0.024 -0.120 85 89 65
-0.377  0.022 -0.116 90 93 74
-0.376  0.019 -0.115 99 119 96
-0.374  0.017 -0.110 94 108 85
-0.372  0.016 -0.106 97 106 80
-0.370  0.014 -0.102 98 98 75
-0.368  0.014 -0.097 89 91 65
-0.366  0.012 -0.094 80 86 63
-0.365  0.010 -0.090 80 85 62
-0.364  0.008 -0.088 80 89 68
-0.363  0.006 -0.086 93 99 81
-0.363  0.005 -0.085 130 116 93
-0.362  0.002 -0.084 101 109 74
-0.363  0.000 -0.085 82 86 62
-0.363 -0.001 -0.086 82 91 73
-0.365 -0.004 -0.088 114 126 93
-0.367 -0.007 -0.092 197 159 106
-0.369 -0.009 -0.096 224 191 117
-0.373 -0.012 -0.105 167 167 128
-0.377 -0.016 -0.112 197 193 159
-0.380 -0.020 -0.118 228 198 174
-0.377  0.025 -0.125 104 87 68
-0.378  0.023 -0.123 89 90 65
-0.375  0.021 -0.121 89 92 74
-0.376  0.019 -0.119 97 117 95
-0.373  0.018 -0.114 93 108 85
-0.372  0.016 -0.111 98 113 89
-0.369  0.014 -0.105 101 109 80
-0.368  0.013 -0.102 103 109 79
-0.366  0.011 -0.098 103 92 68
-0.365  0.009 -0.094 87 86 63
-0.364  0.008 -0.093 81 86 62
-0.363  0.005 -0.090 84 91 65
-0.363  0.003 -0.090 124 104 74
-0.363  0.002 -0.089 110 112 70
-0.364 -0.001 -0.091 86 86 62
-0.365 -0.002 -0.093 87 95 72
-0.366 -0.005 -0.094 117 131 96
-0.367 -0.007 -0.098 194 151 108
-0.370 -0.010 -0.103 201 152 117
-0.372 -0.013 -0.107 193 165 143
-0.375 -0.017 -0.114 218 207 184
-0.377  0.025 -0.130 104 86 68
-0.376  0.022 -0.128 89 90 64
-0.375  0.020 -0.125 87 93 73
-0.374  0.019 -0.122 92 111 95
-0.373  0.017 -0.118 93 110 94
-0.371  0.015 -0.114 100 124 100
-0.369  0.014 -0.109 101 110 89
-0.368  0.012 -0.106 105 112 86
-0.366  0.010 -0.102 114 105 77
-0.364  0.009 -0.100 111 106 74
-0.363  0.007 -0.097 105 86 62
-0.364  0.005 -0.095 88 88 63
-0.363  0.003 -0.096 98 87 66
-0.363  0.001 -0.095 94 91 65
-0.364 -0.001 -0.096 84 87 62
-0.365 -0.004 -0.098 93 99 72
-0.365 -0.005 -0.099 123 135 99
-0.367 -0.008 -0.103 185 172 111
-0.369 -0.011 -0.106 198 184 130
-0.372 -0.014 -0.112 221 211 174
-0.377  0.025 -0.132 103 86 68
-0.376  0.022 -0.131 87 91 64
-0.375  0.021 -0.128 87 93 67
-0.374  0.018 -0.127 90 97 77
-0.373  0.016 -0.123 96 111 94
-0.372  0.015 -0.120 100 113 95
-0.369  0.013 -0.116 101 105 90
-0.368  0.011 -0.112 96 111 86
-0.367  0.010 -0.108 104 110 79
-0.364  0.008 -0.105 112 111 81
-0.364  0.006 -0.102 119 102 76
-0.363  0.004 -0.100 117 104 72
-0.364  0.003 -0.101 103 90 67
-0.363  0.000 -0.100 87 88 68
-0.364 -0.002 -0.101 82 89 63
-0.365 -0.004 -0.102 100 105 76
-0.365 -0.006 -0.104 126 140 102
-0.367 -0.008 -0.107 174 188 115
-0.369 -0.012 -0.111 212 197 144
-0.371 -0.015 -0.116 231 203 183
-0.375  0.024 -0.137 103 86 67
-0.376  0.022 -0.135 85 90 65
-0.373  0.020 -0.131 85 91 63
-0.373  0.018 -0.130 91 92 69
-0.372  0.016 -0.127 93 113 92
-0.370  0.014 -0.124 94 105 91
-0.369  0.012 -0.120 96 111 88
-0.368  0.010 -0.116 96 113 88
-0.366  0.010 -0.112 98 115 90
-0.365  0.007 -0.110 98 111 87
-0.364  0.005 -0.107 105 109 85
-0.363  0.004 -0.105 120 109 79
-0.364  0.002 -0.106 126 112 81
-0.363 -0.000 -0.105 92 101 87
-0.364 -0.003 -0.106 83 89 66
-0.364 -0.005 -0.107 109 111 81
-0.366 -0.007 -0.110 145 135 102
-0.367 -0.010 -0.111 177 199 129
-0.370 -0.013 -0.117 222 216 172
-0.375  0.023 -0.141 101 85 68
-0.374  0.022 -0.138 83 89 65
-0.373  0.019 -0.136 83 90 65
-0.372  0.018 -0.134 92 94 71
-0.371  0.016 -0.130 97 124 95
-0.370  0.013 -0.128 95 108 92
-0.369  0.013 -0.124 90 112 91
-0.368  0.010 -0.120 93 105 90
-0.366  0.009 -0.117 95 114 95
-0.365  0.006 -0.114 94 112 95
-0.364  0.005 -0.111 103 114 89
-0.363  0.004 -0.111 117 113 84
-0.364  0.001 -0.110 137 116 85
-0.363 -0.001 -0.110 95 102 88
-0.364 -0.004 -0.111 86 89 70
-0.364 -0.005 -0.112 112 114 86
-0.365 -0.008 -0.114 142 135 109
-0.367 -0.010 -0.116 197 182 140
-0.370 -0.013 -0.121 223 191 176
-0.374  0.023 -0.144 107 94 73
-0.374  0.021 -0.141 85 88 63
-0.372  0.019 -0.139 82 90 65
-0.372  0.017 -0.136 92 93 70
-0.370  0.015 -0.134 97 116 92
-0.369  0.014 -0.132 94 107 92
-0.368  0.012 -0.127 91 114 91
-0.367  0.010 -0.124 89 103 92
-0.366  0.009 -0.122 95 118 98
-0.365  0.006 -0.119 96 121 101
-0.364  0.004 -0.116 103 119 95
-0.363  0.003 -0.115 113 112 89
-0.364  0.000 -0.115 126 111 85
-0.363 -0.002 -0.116 92 96 77
-0.363 -0.004 -0.115 86 91 72
-0.364 -0.006 -0.117 113 120 91
-0.365 -0.008 -0.119 138 146 128
-0.367 -0.011 -0.121 211 205 169
-0.372  0.021 -0.145 102 99 74
-0.371  0.018 -0.142 87 92 69
-0.370  0.017 -0.139 92 96 73
-0.369  0.015 -0.137 98 108 90
-0.368  0.013 -0.134 98 111 89
-0.367  0.011 -0.132 98 114 88
-0.366  0.009 -0.129 95 108 95
-0.365  0.008 -0.125 94 114 99
-0.363  0.006 -0.122 96 117 100
-0.364  0.004 -0.121 99 108 96
-0.363  0.002 -0.119 110 112 91
-0.363  0.000 -0.119 120 106 84
-0.363 -0.002 -0.119 93 92 68
-0.363 -0.005 -0.120 86 92 74
-0.364 -0.006 -0.121 116 128 100
-0.365 -0.009 -0.123 178 163 143
-0.367 -0.012 -0.127 216 192 173
-0.369  0.018 -0.144 114 108 83
-0.369  0.017 -0.142 97 100 79
-0.368  0.015 -0.139 96 102 86
-0.367  0.013 -0.136 101 109 84
-0.366  0.011 -0.135 99 112 87
-0.365  0.008 -0.131 101 103 90
-0.364  0.007 -0.128 95 113 96
-0.363  0.005 -0.127 94 112 99
-0.362  0.003 -0.124 96 110 101
-0.362  0.002 -0.123 107 118 92
-0.362 -0.001 -0.123 115 109 84
-0.363 -0.003 -0.124 93 90 65
-0.363 -0.005 -0.124 87 95 76
-0.364 -0.007 -0.125 122 136 116
-0.365 -0.010 -0.128 205 195 164
-0.367  0.017 -0.143 125 118 93
-0.367  0.014 -0.141 111 107 84
-0.366  0.012 -0.139 100 103 79
-0.365  0.010 -0.137 99 107 85
-0.364  0.008 -0.134 100 110 88
-0.363  0.007 -0.132 97 107 91
-0.362  0.004 -0.129 101 108 89
-0.362  0.003 -0.127 96 112 96
-0.361  0.001 -0.127 102 113 91
-0.361 -0.001 -0.126 102 112 91
-0.362 -0.003 -0.127 90 90 66
-0.362 -0.005 -0.127 92 99 81
-0.362 -0.008 -0.128 159 151 132
-0.363 -0.011 -0.131 211 193 175
-0.364  0.012 -0.141 123 113 88
-0.363  0.010 -0.139 108 107 82
-0.363  0.009 -0.136 97 109 84
-0.362  0.007 -0.134 104 105 86
-0.361  0.004 -0.131 108 108 84
-0.360  0.002 -0.131 97 112 90
-0.360  0.001 -0.129 94 108 92
-0.360 -0.001 -0.129 98 108 91
-0.360 -0.003 -0.128 89 90 68
-0.361 -0.006 -0.130 100 106 95
-0.362 -0.008 -0.131 200 182 153
-0.363 -0.011 -0.134 221 180 153
-0.362  0.010 -0.140 136 126 93
-0.361  0.008 -0.139 118 110 87
-0.361  0.006 -0.137 108 105 82
-0.359  0.004 -0.134 109 105 81
-0.359  0.002 -0.133 103 113 86
-0.359  0.001 -0.131 92 111 90
-0.358 -0.001 -0.131 94 103 89
-0.359 -0.004 -0.132 89 91 70
-0.359 -0.006 -0.132 127 120 114
-0.360 -0.009 -0.135 208 201 178
-0.359  0.006 -0.137 126 119 93
-0.358  0.004 -0.136 119 108 82
-0.358  0.002 -0.135 105 109 80
-0.357 -0.000 -0.133 99 108 85
-0.358 -0.002 -0.134 92 103 85
-0.358 -0.004 -0.134 87 93 73
-0.360 -0.010 -0.138 196 187 177
-0.357  0.003 -0.139 142 128 97
-0.356  0.002 -0.137 120 116 90
-0.357 -0.000 -0.136 115 107 83
-0.356 -0.002 -0.136 95 99 79
-0.357 -0.004 -0.137 84 94 85
-0.356 -0.003 -0.139 119 112 92
-0.356 -0.005 -0.140 103 107 102

