-0.37635 0.163314 -0.065743 120 120 120 255 
-0.358358 0.0670569 -0.0745098 120 120 120 255 
-0.390491 0.113725 -0.0368995 120 120 120 255 
-0.343459 0.144615 -0.0858564 120 120 120 255 
-0.369615 0.142951 -0.0627459 120 120 120 255 
-0.430951 -0.0197376 -0.0883648 120 120 120 255 
-0.394448 0.146395 -0.06529 120 120 120 255 
-0.373168 0.0864763 -0.0601029 120 120 120 255 
-0.420751 -0.0646654 -0.0785423 120 120 120 255 
-0.393026 0.0734315 -0.0647382 120 120 120 255 
-0.356768 0.140117 -0.0791748 120 120 120 255 
-0.370067 0.119847 -0.0628869 120 120 120 255 
-0.399208 -0.0566807 -0.0586901 120 120 120 255 
-0.401259 0.14961 -0.0738496 120 120 120 255 
-0.391034 0.152875 -0.0599648 120 120 120 255 
-0.397803 -0.0343525 -0.0692957 120 120 120 255 
-0.383569 0.112265 -0.046695 120 120 120 255 
-0.3929 0.139152 -0.0465779 120 120 120 255 
-0.356864 0.0748722 -0.0761508 120 120 120 255 
-0.38298 0.12164 -0.0173563 120 120 120 255 
-0.438232 0.135282 -0.0971249 120 120 120 255 
-0.374563 0.0802271 -0.0600549 120 120 120 255 
-0.394351 0.132002 -0.0405146 120 120 120 255 
-0.376218 0.00614645 -0.0651854 120 120 120 255 
-0.400605 -0.0151896 -0.0726018 120 120 120 255 
-0.414649 0.111977 -0.0915837 120 120 120 255 
-0.427356 -0.0103864 -0.0789502 120 120 120 255 
-0.405373 0.0523628 -0.062359 120 120 120 255 
-0.42804 -0.00531719 -0.0846805 120 120 120 255 
-0.39954 0.145095 -0.0700213 120 120 120 255 
-0.40561 0.0963782 -0.0680684 120 120 120 255 
-0.391897 0.043606 -0.060718 120 120 120 255 
-0.403554 -0.0302031 -0.0712218 120 120 120 255 
-0.389619 0.0957299 -0.062695 120 120 120 255 
-0.407534 0.11358 -0.0719926 120 120 120 255 
-0.399865 0.108071 -0.0662622 120 120 120 255 
-0.377377 0.131054 -0.0247037 120 120 120 255 
-0.400819 0.0451201 -0.0604089 120 120 120 255 
-0.350074 0.166877 -0.0882353 120 120 120 255 
-0.394459 0.130292 -0.0578946 120 120 120 255 
-0.364605 -0.0481617 -0.0688908 120 120 120 255 
-0.397445 0.035045 -0.0657104 120 120 120 255 
-0.386895 -0.0520953 -0.0622093 120 120 120 255 
-0.396089 0.152168 -0.0697603 120 120 120 255 
-0.379674 0.142324 -0.0200444 120 120 120 255 
-0.369998 0.15279 -0.063769 120 120 120 255 
-0.412963 -0.00457329 -0.0704627 120 120 120 255 
-0.399117 -0.0393201 -0.0667275 120 120 120 255 
-0.418005 0.0745491 -0.0827603 120 120 120 255 
-0.394018 -0.069753 -0.0680807 120 120 120 255 
-0.435143 0.152526 -0.0956758 120 120 120 255 
-0.421694 0.159256 -0.099528 120 120 120 255 
-0.389521 0.0335935 -0.0660193 120 120 120 255 
-0.379988 0.121403 -0.0236806 120 120 120 255 
-0.390268 -0.0738489 -0.0756412 120 120 120 255 
-0.368274 0.0687059 -0.0647142 120 120 120 255 
-0.388824 0.108378 -0.0596288 120 120 120 255 
-0.386979 0.169556 -0.0828621 120 120 120 255 
-0.384689 0.0307643 -0.0647352 120 120 120 255 
-0.432368 -0.0263431 -0.0936901 120 120 120 255 
-0.370855 -0.0360238 -0.0661335 120 120 120 255 
-0.433356 -0.042051 -0.0840836 120 120 120 255 
-0.422185 0.0399592 -0.0824963 120 120 120 255 
-0.369892 0.0111326 -0.0655423 120 120 120 255 
-0.35866 -0.0492273 -0.0764751 120 120 120 255 
-0.374105 0.151214 -0.0549004 120 120 120 255 
-0.433637 -0.0465124 -0.0897419 120 120 120 255 
-0.41944 0.0198951 -0.0731748 120 120 120 255 
-0.384497 -0.0139635 -0.0697727 120 120 120 255 
-0.393562 0.128618 -0.0205664 120 120 120 255 
-0.341648 0.157485 -0.0869033 120 120 120 255 
-0.359142 0.0864507 -0.0724427 120 120 120 255 
-0.42177 0.0465555 -0.0866575 120 120 120 255 
-0.424899 0.0286708 -0.0893668 120 120 120 255 
-0.423753 0.015044 -0.0800932 120 120 120 255 
-0.355472 0.0173709 -0.0842545 120 120 120 255 
-0.41002 0.0899851 -0.0702315 120 120 120 255 
-0.383273 0.0373458 -0.0625721 120 120 120 255 
-0.376311 0.132081 -0.0474812 120 120 120 255 
-0.396701 0.0150106 -0.0690376 120 120 120 255 
-0.393593 0.0485014 -0.0560107 120 120 120 255 
-0.357073 -0.0240036 -0.0798292 120 120 120 255 
-0.389706 0.126208 -0.0139091 120 120 120 255 
-0.362784 -0.003299 -0.0711288 120 120 120 255 
-0.43652 0.146562 -0.0997411 120 120 120 255 
-0.421578 -0.030022 -0.0715308 120 120 120 255 
-0.408857 0.0766189 -0.0682334 120 120 120 255 
-0.365221 0.165019 -0.0828381 120 120 120 255 
-0.4174 -0.0432443 -0.0673216 120 120 120 255 
-0.395084 0.120351 -0.0369475 120 120 120 255 
-0.381155 0.150636 -0.0226365 120 120 120 255 
-0.367835 -0.0676606 -0.0763312 120 120 120 255 
-0.34833 0.146827 -0.0852382 120 120 120 255 
-0.390936 0.027012 -0.0681824 120 120 120 255 
-0.426213 -0.0240611 -0.076001 120 120 120 255 
-0.406534 -0.0138638 -0.0722928 120 120 120 255 
-0.355351 0.0829957 -0.078743 120 120 120 255 
-0.377945 0.106097 -0.0611979 120 120 120 255 
-0.384903 0.0114336 -0.0668024 120 120 120 255 
-0.355818 0.0437172 -0.0809752 120 120 120 255 
-0.423811 -0.065522 -0.0915 120 120 120 255 
-0.392476 0.145892 -0.031766 120 120 120 255 
-0.373282 0.132438 -0.0588697 120 120 120 255 
-0.415352 0.0848644 -0.079361 120 120 120 255 
-0.423465 0.0355367 -0.0913168 120 120 120 255 
-0.394024 0.1372 -0.0209475 120 120 120 255 
-0.409249 0.0544644 -0.0680654 120 120 120 255 
-0.416556 -0.0616887 -0.0690797 120 120 120 255 
-0.419304 0.117606 -0.098265 120 120 120 255 
-0.414353 -0.0266649 -0.0702947 120 120 120 255 
-0.347476 0.1604 -0.0850252 120 120 120 255 
-0.353285 0.0999222 -0.0858293 120 120 120 255 
-0.375853 0.139366 -0.0440578 120 120 120 255 
-0.391383 -0.0597221 -0.0605682 120 120 120 255 
-0.386656 -0.000510622 -0.0686086 120 120 120 255 
-0.426333 0.133295 -0.0933207 120 120 120 255 
-0.400069 0.120758 -0.0663582 120 120 120 255 
-0.360361 0.146704 -0.0760607 120 120 120 255 
-0.418699 0.0635152 -0.0810952 120 120 120 255 
-0.365496 0.160653 -0.0758476 120 120 120 255 
-0.366022 0.136364 -0.0658601 120 120 120 255 
-0.379254 -0.0739706 -0.0838676 120 120 120 255 
-0.356432 0.145455 -0.0826941 120 120 120 255 
-0.410967 -0.0684013 -0.0721939 120 120 120 255 
-0.389225 -0.0254109 -0.0725299 120 120 120 255 
-0.388339 0.147943 -0.0194504 120 120 120 255 
-0.412223 0.102749 -0.0766518 120 120 120 255 
-0.423467 0.00366287 -0.0743149 120 120 120 255 
-0.428543 0.0025996 -0.0894838 120 120 120 255 
-0.376958 0.169569 -0.081602 120 120 120 255 
-0.411234 0.118481 -0.0830961 120 120 120 255 
-0.384075 -0.0231858 -0.0706517 120 120 120 255 
-0.358031 0.151893 -0.0827421 120 120 120 255 
-0.356842 0.123017 -0.078413 120 120 120 255 
-0.379815 0.17194 -0.0850971 120 120 120 255 
-0.377437 -0.045091 -0.0628993 120 120 120 255 
-0.410104 0.136444 -0.0867114 120 120 120 255 
-0.376491 0.145148 -0.0390416 120 120 120 255 
-0.390824 -0.0189735 -0.0725778 120 120 120 255 
-0.366576 0.000132103 -0.0679906 120 120 120 255 
-0.408316 0.069295 -0.0684945 120 120 120 255 
-0.376687 0.126102 -0.045222 120 120 120 255 
-0.375636 0.142807 -0.048195 120 120 120 255 
-0.40958 0.128835 -0.0828591 120 120 120 255 
-0.360718 0.141032 -0.0747526 120 120 120 255 
-0.415086 -0.0701682 -0.088623 120 120 120 255 
-0.357256 -0.0109847 -0.0777141 120 120 120 255 
-0.426828 -0.0338371 -0.0749781 120 120 120 255 
-0.375917 0.154259 -0.0444868 120 120 120 255 
-0.384946 -0.0370432 -0.0667515 120 120 120 255 
-0.362834 0.0277693 -0.0694666 120 120 120 255 
-0.418067 -0.0220002 -0.0709608 120 120 120 255 
-0.419837 0.0135832 -0.0731267 120 120 120 255 
-0.378145 0.150708 -0.029912 120 120 120 255 
-0.360684 -0.0177011 -0.0726018 120 120 120 255 
-0.397238 0.165746 -0.0853582 120 120 120 255 
-0.381301 0.0527544 -0.0617411 120 120 120 255 
-0.36459 -0.0320109 -0.0699617 120 120 120 255 
-0.431816 -0.0494138 -0.0811824 120 120 120 255 
-0.412312 0.165051 -0.0932517 120 120 120 255 
-0.364879 0.0589629 -0.0678044 120 120 120 255 
-0.390224 0.0542687 -0.0614321 120 120 120 255 
-0.421523 0.0345576 -0.0789771 120 120 120 255 
-0.376085 0.135665 -0.0326451 120 120 120 255 
-0.39135 0.0682277 -0.0684945 120 120 120 255 
-0.41358 0.0493289 -0.0708706 120 120 120 255 
-0.36325 0.0848513 -0.0667363 120 120 120 255 
-0.404113 0.0405388 -0.0651163 120 120 120 255 
-0.404285 -0.0736825 -0.0863878 120 120 120 255 
-0.384562 0.0646322 -0.0684704 120 120 120 255 
-0.357185 -0.0417204 -0.0771651 120 120 120 255 
-0.384571 0.0485532 -0.0579128 120 120 120 255 
-0.350807 0.155226 -0.0846681 120 120 120 255 
-0.42956 -0.0454102 -0.0777352 120 120 120 255 
-0.375543 0.0168719 -0.0658994 120 120 120 255 
-0.388668 -0.064348 -0.0630644 120 120 120 255 
-0.355644 -0.00129527 -0.0818993 120 120 120 255 
-0.375674 0.126275 -0.0556596 120 120 120 255 
-0.392922 -0.0523355 -0.0603072 120 120 120 255 
-0.41381 0.0775257 -0.0732977 120 120 120 255 
-0.372746 0.140956 -0.0592507 120 120 120 255 
-0.375917 -0.0527861 -0.0622093 120 120 120 255 
-0.360937 -0.0376488 -0.0727669 120 120 120 255 
-0.419726 -0.016512 -0.0713177 120 120 120 255 
-0.390147 -0.00822417 -0.0701297 120 120 120 255 
-0.394008 0.13746 -0.0282229 120 120 120 255 
-0.415183 0.103483 -0.0880406 120 120 120 255 
-0.404182 0.119087 -0.0701384 120 120 120 255 
-0.400907 0.0596573 -0.0662113 120 120 120 255 
-0.421787 -0.00149298 -0.0717468 120 120 120 255 
-0.387291 0.116812 -0.0211125 120 120 120 255 
-0.42183 0.157097 -0.0928706 120 120 120 255 
-0.426741 -0.000610139 -0.0799732 120 120 120 255 
-0.358275 0.163939 -0.0840981 120 120 120 255 
-0.393117 0.119773 -0.0549695 120 120 120 255 
-0.384206 0.0862177 -0.0604119 120 120 120 255 
-0.364523 -0.0627947 -0.0757371 120 120 120 255 
-0.390991 0.0102203 -0.0683715 120 120 120 255 
-0.406965 0.170408 -0.0945597 120 120 120 255 
-0.361479 0.0970799 -0.0690434 120 120 120 255 
-0.43544 0.147805 -0.0940588 120 120 120 255 
-0.377421 0.130365 -0.0322881 120 120 120 255 
-0.374849 0.171246 -0.0936327 120 120 120 255 
-0.359087 0.103242 -0.0722536 120 120 120 255 
-0.355476 0.0332373 -0.0812122 120 120 120 255 
-0.354082 0.0394625 -0.0844224 120 120 120 255 
-0.414283 0.00630165 -0.0680145 120 120 120 255 
-0.412537 0.129617 -0.0879235 120 120 120 255 
-0.391127 0.151405 -0.0457229 120 120 120 255 
-0.364055 -0.0234922 -0.0703427 120 120 120 255 
-0.395102 0.136002 -0.0623649 120 120 120 255 
-0.403866 0.0763289 -0.0650712 120 120 120 255 
-0.381086 -0.071234 -0.0725029 120 120 120 255 
-0.362189 0.0698712 -0.0694694 120 120 120 255 
-0.393219 0.134074 -0.0503342 120 120 120 255 
-0.410172 -0.0716918 -0.0816565 120 120 120 255 
-0.408228 0.102546 -0.0703275 120 120 120 255 
-0.380757 0.172904 -0.0911126 120 120 120 255 
-0.367939 0.169597 -0.0866662 120 120 120 255 
-0.362049 -0.0553268 -0.0732649 120 120 120 255 
-0.418116 0.0568561 -0.0769339 120 120 120 255 
-0.410471 0.11467 -0.0780079 120 120 120 255 
-0.408224 0.134468 -0.081005 120 120 120 255 
-0.399195 0.134639 -0.0670962 120 120 120 255 
-0.432959 -0.0357391 -0.0841316 120 120 120 255 
-0.357936 0.0578348 -0.0753888 120 120 120 255 
-0.422138 0.0247815 -0.0779541 120 120 120 255 
-0.405028 0.137483 -0.0747046 120 120 120 255 
-0.379034 0.120652 -0.0312651 120 120 120 255 
-0.395664 0.127058 -0.0347844 120 120 120 255 
-0.40055 -0.0461621 -0.0616152 120 120 120 255 
-0.372211 0.149475 -0.0596317 120 120 120 255 
-0.380247 -0.0578976 -0.0618523 120 120 120 255 
-0.369391 -0.0605345 -0.0687947 120 120 120 255 
-0.403939 -0.0522618 -0.058405 120 120 120 255 
-0.39413 0.135514 -0.0351653 120 120 120 255 
-0.371239 0.10122 -0.0636941 120 120 120 255 
-0.392872 0.171451 -0.0907795 120 120 120 255 
-0.397331 0.116488 -0.063481 120 120 120 255 
-0.371618 0.158895 -0.066028 120 120 120 255 
-0.355811 -0.0358038 -0.0794243 120 120 120 255 
-0.405905 -0.0357247 -0.0667515 120 120 120 255 
-0.425161 0.151922 -0.0925137 120 120 120 255 
-0.355015 0.024632 -0.0839934 120 120 120 255 
-0.376058 -0.070955 -0.0775672 120 120 120 255 
-0.356274 0.100182 -0.0763428 120 120 120 255 
-0.357041 0.167625 -0.0891865 120 120 120 255 
-0.363851 0.0912259 -0.0667843 120 120 120 255 
-0.394751 0.125642 -0.046791 120 120 120 255 
-0.382086 0.1677 -0.0781068 120 120 120 255 
-0.43396 -0.0357242 -0.0904559 120 120 120 255 
-0.358676 -0.00169965 -0.076835 120 120 120 255 
-0.404282 -0.0736346 -0.0800634 120 120 120 255 
-0.39329 0.117022 -0.0432478 120 120 120 255 
-0.357128 0.0229071 -0.0782871 120 120 120 255 
-0.415001 -0.0688147 -0.0766162 120 120 120 255 
-0.416996 0.0905892 -0.0901557 120 120 120 255 
-0.388446 0.162169 -0.0663611 120 120 120 255 
-0.41887 0.0448731 -0.0755779 120 120 120 255 
-0.392142 0.119333 -0.0214455 120 120 120 255 
-0.412377 0.0366036 -0.0676124 120 120 120 255 
-0.361146 -0.00911966 -0.0729829 120 120 120 255 
-0.371706 0.0619417 -0.0659263 120 120 120 255 
-0.409115 0.120302 -0.0761538 120 120 120 255 
-0.42917 -0.0232798 -0.0810653 120 120 120 255 
-0.392453 0.146248 -0.0263928 120 120 120 255 
-0.366154 -0.00909023 -0.0688697 120 120 120 255 
-0.40849 -0.0608856 -0.0633974 120 120 120 255 
-0.391474 0.114025 -0.047337 120 120 120 255 
-0.390393 0.0834385 -0.0603879 120 120 120 255 
-0.419165 0.0720488 -0.0878006 120 120 120 255 
-0.374745 0.156972 -0.0530463 120 120 120 255 
-0.3857 0.142108 -0.0149801 120 120 120 255 
-0.37992 0.0428525 -0.060718 120 120 120 255 
-0.396361 -0.0751339 -0.0866968 120 120 120 255 
-0.397475 0.130124 -0.0632679 120 120 120 255 
-0.413164 0.0559492 -0.0718696 120 120 120 255 
-0.406131 -0.0233944 -0.0722208 120 120 120 255 
-0.367714 0.125393 -0.0641951 120 120 120 255 
-0.414637 0.0962306 -0.078815 120 120 120 255 
-0.412985 0.106561 -0.0817401 120 120 120 255 
-0.359618 0.0788812 -0.0717526 120 120 120 255 
-0.395621 0.127747 -0.0271998 120 120 120 255 
-0.361176 0.0222569 -0.0722717 120 120 120 255 
-0.391346 0.116066 -0.0277459 120 120 120 255 
-0.407154 0.151481 -0.0849291 120 120 120 255 
-0.382884 0.0594523 -0.0690645 120 120 120 255 
-0.382244 0.133338 -0.0145991 120 120 120 255 
-0.398286 0.0535373 -0.0576278 120 120 120 255 
-0.418274 0.149917 -0.0909206 120 120 120 255 
-0.392353 0.0204306 -0.0703457 120 120 120 255 
-0.38444 0.114345 -0.030266 120 120 120 255 
-0.415609 0.112633 -0.096648 120 120 120 255 
-0.380706 0.157777 -0.0381864 120 120 120 255 
-0.37371 0.0300737 -0.0647352 120 120 120 255 
-0.386998 0.0736955 -0.0634781 120 120 120 255 
-0.429443 -0.0594741 -0.0928081 120 120 120 255 
-0.411974 0.027073 -0.0675405 120 120 120 255 
-0.42075 0.0468491 -0.0812842 120 120 120 255 
-0.350881 0.138126 -0.0839062 120 120 120 255 
-0.378079 0.1199 -0.0388495 120 120 120 255 
-0.383095 0.103872 -0.063076 120 120 120 255 
-0.399594 0.0805152 -0.062575 120 120 120 255 
-0.391139 0.151216 -0.0289609 120 120 120 255 
-0.359384 -0.0288845 -0.074099 120 120 120 255 
-0.395674 -0.0642168 -0.0621133 120 120 120 255 
-0.361214 0.133154 -0.0731115 120 120 120 255 
-0.379018 0.0253334 -0.0653293 120 120 120 255 
-0.399134 0.0719098 -0.0653562 120 120 120 255 
-0.419642 0.0644554 -0.0902727 120 120 120 255 
-0.392625 0.0001745 -0.0695596 120 120 120 255 
-0.370875 0.0910726 -0.0617199 120 120 120 255 
-0.391409 -0.044212 -0.0628993 120 120 120 255 
-0.379592 0.159565 -0.0438928 120 120 120 255 
-0.371167 0.16606 -0.0784158 120 120 120 255 
-0.417072 0.137168 -0.0908246 120 120 120 255 
-0.362531 0.0166486 -0.0709636 120 120 120 255 
-0.39883 -0.0506773 -0.057787 120 120 120 255 
-0.377297 0.0686302 -0.0659743 120 120 120 255 
-0.417332 0.0852505 -0.0866364 120 120 120 255 
-0.400856 0.140103 -0.0706154 120 120 120 255 
-0.411743 0.14224 -0.0880194 120 120 120 255 
-0.376075 0.0561892 -0.0668294 120 120 120 255 
-0.384892 0.154944 -0.0286759 120 120 120 255 
-0.415641 0.0961976 -0.0914637 120 120 120 255 
-0.345569 0.127 -0.0863543 120 120 120 255 
-0.402427 0.162904 -0.0853342 120 120 120 255 
-0.401011 0.0102074 -0.0696316 120 120 120 255 
-0.374899 -0.0684547 -0.072527 120 120 120 255 
-0.336686 0.124869 -0.0847612 120 120 120 255 
-0.385562 0.112438 -0.0403707 120 120 120 255 
-0.375776 -0.00276724 -0.0670155 120 120 120 255 
-0.400059 0.168687 -0.0970799 120 120 120 255 
-0.417673 0.143542 -0.0908726 120 120 120 255 
-0.368507 -0.0146357 -0.0675615 120 120 120 255 
-0.403447 0.130761 -0.0705435 120 120 120 255 
-0.418052 0.0738123 -0.096669 120 120 120 255 
-0.413996 0.0427087 -0.0698716 120 120 120 255 
-0.415847 -0.0344801 -0.0686536 120 120 120 255 
-0.422991 0.0430821 -0.095169 120 120 120 255 
-0.362145 0.118348 -0.0695204 120 120 120 255 
-0.408172 -0.00804315 -0.0704387 120 120 120 255 
-0.432624 -0.0304005 -0.0876507 120 120 120 255 
-0.389753 0.157321 -0.047982 120 120 120 255 
-0.399671 -0.000335202 -0.0698686 120 120 120 255 
-0.396317 -0.0744452 -0.0791123 120 120 120 255 
-0.38748 0.0182422 -0.0678015 120 120 120 255 
-0.410828 0.108998 -0.0766998 120 120 120 255 
-0.362978 0.0414049 -0.0692535 120 120 120 255 
-0.419703 0.0316325 -0.0735798 120 120 120 255 
-0.359444 0.0338689 -0.0726767 120 120 120 255 
-0.35687 0.0907146 -0.0762708 120 120 120 255 
-0.385541 0.160559 -0.0457949 120 120 120 255 
-0.419912 -0.0513289 -0.0678916 120 120 120 255 
-0.373893 0.0430926 -0.0626201 120 120 120 255 
-0.417708 0.0792709 -0.0843772 120 120 120 255 
-0.38463 0.11133 -0.0533284 120 120 120 255 
-0.382667 0.0788311 -0.060673 120 120 120 255 
-0.425686 -0.063474 -0.0877198 120 120 120 255 
-0.355868 0.011083 -0.0810442 120 120 120 255 
-0.34114 0.133701 -0.0851422 120 120 120 255 
-0.376585 0.0958628 -0.062386 120 120 120 255 
-0.420503 0.130403 -0.0920366 120 120 120 255 
-0.363905 0.0107318 -0.0687045 120 120 120 255 
-0.37447 0.161338 -0.0600367 120 120 120 255 
-0.369158 0.0228071 -0.0659474 120 120 120 255 
-0.392477 0.114015 -0.0568237 120 120 120 255 
-0.399708 0.158351 -0.0783438 120 120 120 255 
-0.416868 0.124481 -0.0907286 120 120 120 255 
-0.420274 0.0544186 -0.0819743 120 120 120 255 
-0.419942 0.0596855 -0.09498 120 120 120 255 
-0.357402 0.130032 -0.0772008 120 120 120 255 
-0.416015 0.0902659 -0.0828802 120 120 120 255 
-0.404454 0.146619 -0.0769877 120 120 120 255 
-0.43262 0.128926 -0.0948658 120 120 120 255 
-0.40648 0.162183 -0.0888054 120 120 120 255 
-0.395172 0.103035 -0.0646452 120 120 120 255 
-0.367311 0.0521599 -0.0658543 120 120 120 255 
-0.38048 -0.0297489 -0.0706037 120 120 120 255 
-0.39244 0.146461 -0.0399926 120 120 120 255 
-0.354211 0.0692732 -0.0821182 120 120 120 255 
-0.353696 0.0774596 -0.0847104 120 120 120 255 
-0.381427 0.00297216 -0.0673725 120 120 120 255 
-0.421294 0.054125 -0.0873475 120 120 120 255 
-0.407079 0.00932654 -0.0689896 120 120 120 255 
-0.393479 0.161794 -0.0739456 120 120 120 255 
-0.379073 0.135949 -0.0199964 120 120 120 255 
-0.362682 0.157593 -0.079937 120 120 120 255 
-0.412686 -0.0479479 -0.0634934 120 120 120 255 
-0.379355 0.0836969 -0.0600789 120 120 120 255 
-0.376683 0.142088 -0.0263688 120 120 120 255 
-0.394937 0.122698 -0.0603668 120 120 120 255 
-0.376409 0.146453 -0.0333592 120 120 120 255 
-0.425227 0.00753732 -0.0794032 120 120 120 255 
-0.430994 0.154766 -0.100122 120 120 120 255 
-0.357416 0.113881 -0.0761299 120 120 120 255 
-0.393303 0.164594 -0.0793428 120 120 120 255 
-0.400117 0.0244211 -0.0681585 120 120 120 255 
-0.399906 -0.0677865 -0.0665115 120 120 120 255 
-0.415585 0.0174611 -0.0696796 120 120 120 255 
-0.409561 -0.0301348 -0.0702707 120 120 120 255 
-0.363906 0.0744342 -0.0669733 120 120 120 255 
-0.409221 0.166404 -0.098007 120 120 120 255 
-0.372479 0.113353 -0.0618879 120 120 120 255 
-0.368894 -0.0526327 -0.0672736 120 120 120 255 
-0.362468 0.129136 -0.0702344 120 120 120 255 
-0.424394 0.020778 -0.0814012 120 120 120 255 
-0.375954 0.137752 -0.0487891 120 120 120 255 
-0.423958 0.0277067 -0.0833513 120 120 120 255 
-0.425435 0.020152 -0.0889857 120 120 120 255 
-0.389988 0.0580175 -0.0665203 120 120 120 255 
-0.357931 0.0419923 -0.0752688 120 120 120 255 
-0.400303 -0.0263103 -0.074099 120 120 120 255 
-0.40257 0.0172857 -0.0684195 120 120 120 255 
-0.415769 0.0782442 -0.078362 120 120 120 255 
-0.399197 0.0868272 -0.0626231 120 120 120 255 
-0.400678 0.0314366 -0.0669464 120 120 120 255 
-0.415405 0.0680968 -0.0763879 120 120 120 255 
-0.429417 -0.0112818 -0.0887458 120 120 120 255 
-0.389309 0.13252 -0.013957 120 120 120 255 
-0.36744 0.0819705 -0.0635501 120 120 120 255 
-0.422882 0.140368 -0.0930597 120 120 120 255 
-0.372817 -0.0194389 -0.0681555 120 120 120 255 
-0.385934 -0.0686654 -0.0665115 120 120 120 255 
-0.411314 0.0216474 -0.0671834 120 120 120 255 
-0.365396 0.114455 -0.0666432 120 120 120 255 
-0.436876 0.140915 -0.0952709 120 120 120 255 
-0.369313 0.13183 -0.064243 120 120 120 255 
-0.406136 -0.0712543 -0.074072 120 120 120 255 
-0.391328 0.148201 -0.0520233 120 120 120 255 
-0.413727 0.110705 -0.0846173 120 120 120 255 
-0.380355 0.163353 -0.0521432 120 120 120 255 
-0.41913 -0.00704408 -0.0713897 120 120 120 255 
-0.412111 0.0726782 -0.0716806 120 120 120 255 
-0.407482 0.0825596 -0.0673304 120 120 120 255 
-0.344909 0.121574 -0.0859973 120 120 120 255 
-0.414461 0.0990302 -0.0842123 120 120 120 255 
-0.362501 0.0489744 -0.0699435 120 120 120 255 
-0.416661 0.159631 -0.0919436 120 120 120 255 
-0.41221 -0.0403783 -0.0641834 120 120 120 255 
-0.419957 0.0594489 -0.0845424 120 120 120 255 
-0.425052 0.121804 -0.0938668 120 120 120 255 
-0.359376 -0.0606174 -0.0801834 120 120 120 255 
-0.407914 0.0597644 -0.0684224 120 120 120 255 
-0.382922 -0.00486694 -0.0688936 120 120 120 255 
-0.406676 -0.000204094 -0.0689176 120 120 120 255 
-0.393577 0.128379 -0.0521883 120 120 120 255 
-0.426892 0.0129298 -0.0924089 120 120 120 255 
-0.401643 -0.0635318 -0.0630644 120 120 120 255 
-0.430853 0.157021 -0.0941308 120 120 120 255 
-0.404977 -0.068754 -0.0690317 120 120 120 255 
-0.372906 0.074715 -0.0628601 120 120 120 255 
-0.390994 -0.0376157 -0.0670605 120 120 120 255 
-0.392588 0.14411 -0.0586326 120 120 120 255 
-0.378029 0.152559 -0.0356182 120 120 120 255 
-0.378164 0.118547 -0.0508562 120 120 120 255 
-0.427794 -0.0173391 -0.0801623 120 120 120 255 
-0.382295 0.164379 -0.0581586 120 120 120 255 
-0.412898 -0.0194665 -0.0700336 120 120 120 255 
-0.425564 -0.0615278 -0.0807774 120 120 120 255 
-0.42029 -0.0573325 -0.0687947 120 120 120 255 
-0.378229 0.16529 -0.0714493 120 120 120 255 
-0.359177 0.00626488 -0.075314 120 120 120 255 
-0.436958 0.139609 -0.100953 120 120 120 255 
-0.361569 0.0638049 -0.0703725 120 120 120 255 
-0.381477 0.0977429 -0.0639791 120 120 120 255 
-0.390948 0.138317 -0.0152651 120 120 120 255 
-0.354817 0.0914904 -0.0822861 120 120 120 255 
-0.395914 -0.0202495 -0.074147 120 120 120 255 
-0.389945 0.154261 -0.0353093 120 120 120 255 
-0.39161 0.143718 -0.0187844 120 120 120 255 
-0.414339 -0.010514 -0.0713658 120 120 120 255 
-0.368358 -0.0441141 -0.0676546 120 120 120 255 
-0.369506 0.16062 -0.0717344 120 120 120 255 
-0.406686 0.0315049 -0.0659954 120 120 120 255 
-0.389869 0.155471 -0.0422757 120 120 120 255 
-0.344248 0.116149 -0.0856404 120 120 120 255 
-0.377467 0.0499881 -0.060457 120 120 120 255 
-0.353464 0.160777 -0.0850252 120 120 120 255 
-0.395471 -0.0291394 -0.0728149 120 120 120 255 
-0.418284 0.1179 -0.0928917 120 120 120 255 
-0.366967 0.153194 -0.0688333 120 120 120 255 
-0.389739 0.157534 -0.0615818 120 120 120 255 
-0.371357 -0.0280831 -0.0677746 120 120 120 255 
-0.374271 0.0370892 -0.0635232 120 120 120 255 
-0.400837 0.0926239 -0.0639312 120 120 120 255 
-0.371466 0.00203596 -0.0664214 120 120 120 255 
-0.372419 0.0505994 -0.0633102 120 120 120 255 
-0.367648 0.0467972 -0.0654972 120 120 120 255 
-0.385827 0.171937 -0.0936327 120 120 120 255 
-0.393775 0.141161 -0.0396356 120 120 120 255 
-0.377632 -0.0641133 -0.0659176 120 120 120 255 
-0.393909 0.0912591 -0.061078 120 120 120 255 
-0.395496 -0.0136053 -0.0719837 120 120 120 255 
-0.377108 -0.0239337 -0.0697007 120 120 120 255 
-0.424122 -0.00675411 -0.0745519 120 120 120 255 
-0.365466 0.145191 -0.0671922 120 120 120 255 
-0.36878 0.0288106 -0.0650443 120 120 120 255 
-0.376962 -0.0375455 -0.0667515 120 120 120 255 
-0.396116 -0.00753902 -0.0710808 120 120 120 255 
-0.407517 -0.0454142 -0.0625663 120 120 120 255 
-0.423386 -0.0587579 -0.073526 120 120 120 255 
-0.417435 0.0836127 -0.0945299 120 120 120 255 
-0.412355 0.084724 -0.0730367 120 120 120 255 
-0.351953 0.121089 -0.0831441 120 120 120 255 
-0.42967 0.143963 -0.0930837 120 120 120 255 
-0.360149 0.05452 -0.0712516 120 120 120 255 
-0.386424 0.162448 -0.0546633 120 120 120 255 
-0.392823 0.140362 -0.0535444 120 120 120 255 
-0.432077 -0.0535667 -0.0877918 120 120 120 255 
-0.389875 0.155375 -0.0549244 120 120 120 255 
-0.425665 -0.0472033 -0.07298 120 120 120 255 
-0.388761 -0.0339685 -0.0689867 120 120 120 255 
-0.376353 -0.0119267 -0.0678946 120 120 120 255 
-0.380372 0.115304 -0.0372325 120 120 120 255 
-0.363096 0.151021 -0.0726135 120 120 120 255 
-0.429278 -0.0568631 -0.0814434 120 120 120 255 
-0.376545 0.128356 -0.0392306 120 120 120 255 
-0.415179 -0.055724 -0.0650145 120 120 120 255 
-0.420934 -0.0675608 -0.0857937 120 120 120 255 
-0.384218 0.165667 -0.0714493 120 120 120 255 
-0.391837 0.156046 -0.0663131 120 120 120 255 
-0.354648 0.0623206 -0.0833303 120 120 120 255 
-0.394191 0.118626 -0.0480031 120 120 120 255 
-0.42673 0.126983 -0.0932728 120 120 120 255 
-0.415107 0.104692 -0.0950069 120 120 120 255 
-0.385617 0.159349 -0.0388285 120 120 120 255 
-0.359813 0.123561 -0.0730396 120 120 120 255 
-0.344106 0.166192 -0.0872843 120 120 120 255 
-0.419346 0.0373036 -0.0748879 120 120 120 255 
-0.420137 -0.0389747 -0.0701987 120 120 120 255 
-0.391329 -0.0747831 -0.0822745 120 120 120 255 
-0.354126 0.0546882 -0.0826402 120 120 120 255 
-0.377206 0.133782 -0.0395876 120 120 120 255 
-0.427642 0.160273 -0.098268 120 120 120 255 
-0.381718 0.109836 -0.0590107 120 120 120 255 
-0.426306 -0.0414695 -0.074288 120 120 120 255 
-0.371044 -0.00718628 -0.0673005 120 120 120 255 
-0.347188 0.133129 -0.0854513 120 120 120 255 
-0.361802 0.107868 -0.0697574 120 120 120 255 
-0.362352 -0.0442063 -0.0717679 120 120 120 255 
-0.41087 0.156122 -0.0887574 120 120 120 255 
-0.392745 0.0619786 -0.0684465 120 120 120 255 
-0.423503 0.146434 -0.0921567 120 120 120 255 
-0.356715 -0.0183086 -0.0779751 120 120 120 255 
-0.4077 0.126859 -0.0771528 120 120 120 255 
-0.355898 0.106162 -0.0786019 120 120 120 255 
-0.387175 0.166448 -0.0765137 120 120 120 255 
-0.427186 0.00825576 -0.0844675 120 120 120 255 
-0.404859 0.156101 -0.0833841 120 120 120 255 
-0.421436 0.0518704 -0.0933389 120 120 120 255 
-0.369123 0.0392905 -0.0648073 120 120 120 255 
-0.364115 0.102963 -0.0671893 120 120 120 255 
-0.379219 0.117709 -0.0448409 120 120 120 255 
-0.41168 0.0954494 -0.0737507 120 120 120 255 
-0.349377 0.114256 -0.0853073 120 120 120 255 
-0.381623 0.127272 -0.0155022 120 120 120 255 
-0.430624 -0.0304781 -0.0813263 120 120 120 255 
-0.396841 0.140209 -0.065242 120 120 120 255 
-0.357455 0.0495617 -0.0759588 120 120 120 255 
-0.408697 0.0154557 -0.0680864 120 120 120 255 
-0.427121 -0.0544256 -0.0764032 120 120 120 255 
-0.353606 0.110734 -0.0833812 120 120 120 255 
-0.378445 0.114086 -0.0565146 120 120 120 255 
-0.370861 0.107224 -0.062791 120 120 120 255 
-0.377595 0.0638844 -0.0675194 120 120 120 255 
-0.363008 0.168334 -0.0869753 120 120 120 255 
-0.406908 0.139459 -0.080411 120 120 120 255 
-0.4345 0.130902 -0.100572 120 120 120 255 
-0.364551 0.0323323 -0.0669704 120 120 120 255 
-0.379784 -0.018691 -0.0691067 120 120 120 255 
-0.384483 -0.0456006 -0.0632083 120 120 120 255 
-0.378711 0.125778 -0.0211845 120 120 120 255 
-0.410068 -0.0541156 -0.0612342 120 120 120 255 
-0.352534 0.127772 -0.0841432 120 120 120 255 
-0.42735 0.00564476 -0.0958321 120 120 120 255 
-0.374279 -0.0586067 -0.0640635 120 120 120 255 
-0.381392 0.0194554 -0.0662324 120 120 120 255 
-0.359797 0.0123312 -0.0744109 120 120 120 255 
-0.407749 0.046461 -0.0664244 120 120 120 255 
-0.376012 0.120913 -0.0553025 120 120 120 255 
-0.404129 0.0880663 -0.0654762 120 120 120 255 
-0.406532 0.145439 -0.0826701 120 120 120 255 
-0.403484 0.0664659 -0.0672103 120 120 120 255 
-0.423582 0.0336862 -0.0856105 120 120 120 255 
-0.412344 0.148615 -0.0880673 120 120 120 255 
-0.401339 0.100565 -0.0655722 120 120 120 255 
-0.398295 0.00560544 -0.0689655 120 120 120 255 
-0.377697 0.125976 -0.02846 120 120 120 255 
-0.392707 0.0785097 -0.0609819 120 120 120 255 
-0.395022 0.121348 -0.030314 120 120 120 255 
-0.413956 0.0911375 -0.0762468 120 120 120 255 
-0.343876 0.137995 -0.0848572 120 120 120 255 
-0.434299 -0.0411109 -0.0932611 120 120 120 255 
-0.367539 0.0166781 -0.0668504 120 120 120 255 
-0.43106 -0.0374067 -0.0793763 120 120 120 255 
-0.401993 0.169809 -0.0904465 120 120 120 255 
-0.375257 0.148834 -0.0441298 120 120 120 255 
-0.368503 0.0969266 -0.0639791 120 120 120 255 
-0.383243 -0.0736715 -0.0775433 120 120 120 255 
-0.358442 0.0179395 -0.0757189 120 120 120 255 
-0.354232 0.132643 -0.0825981 120 120 120 255 
-0.35675 0.0289105 -0.077384 120 120 120 255 
-0.428823 -0.00183798 -0.09198 120 120 120 255 
-0.396586 0.0964777 -0.063646 120 120 120 255 
-0.418024 0.0264766 -0.0710117 120 120 120 255 
-0.41779 0.0779655 -0.0900597 120 120 120 255 
-0.386922 0.0908196 -0.061078 120 120 120 255 
-0.37105 -0.0709846 -0.0816805 120 120 120 255 
-0.395811 0.108793 -0.062791 120 120 120 255 
-0.399129 -0.0713614 -0.0718609 120 120 120 255 
-0.362387 0.0030129 -0.0711767 120 120 120 255 
-0.380855 0.0917005 -0.0617199 120 120 120 255 
-0.406185 0.0235401 -0.0675164 120 120 120 255 
-0.385928 0.0429209 -0.059767 120 120 120 255 
-0.423521 -0.0131288 -0.0745039 120 120 120 255 
-0.388255 0.00592691 -0.0686565 120 120 120 255 
-0.352868 0.106542 -0.0868284 120 120 120 255 
-0.387045 0.152579 -0.0242296 120 120 120 255 
-0.413805 0.0616832 -0.0731777 120 120 120 255 
-0.395746 0.125753 -0.0404666 120 120 120 255 
-0.365861 -0.0681425 -0.0817045 120 120 120 255 
-0.385805 0.172293 -0.0882595 120 120 120 255 
-0.419433 0.0040765 -0.0698926 120 120 120 255 
-0.381905 -0.0524094 -0.0622093 120 120 120 255 
