-0.357866 0.0324313 -0.0863884 179 178 119 255 
-0.356292 0.0300675 -0.0840546 161 166 109 255 
-0.354736 0.0277315 -0.0817486 169 173 111 255 
-0.360466 0.0306509 -0.087124 164 165 109 255 
-0.35888 0.028302 -0.0847907 150 161 72 255 
-0.357312 0.0259811 -0.0824849 180 154 65 255 
-0.355762 0.0236871 -0.0802062 185 162 72 255 
-0.354413 0.0208134 -0.0772227 169 165 94 255 
-0.3529 0.0185804 -0.0750055 179 174 119 255 
-0.365007 0.0299544 -0.0886679 177 181 120 255 
-0.363225 0.0282423 -0.0870896 154 157 92 255 
-0.361457 0.0265428 -0.0855238 157 157 65 255 
-0.359877 0.024237 -0.0832183 195 161 56 255 
-0.358491 0.021348 -0.0801998 217 164 50 255 
-0.357126 0.0185029 -0.077228 218 166 50 255 
-0.355604 0.0162925 -0.0750194 208 165 58 255 
-0.354099 0.0141068 -0.0728361 185 162 74 255 
-0.352244 0.0131025 -0.0720877 169 169 101 255 
-0.367588 0.0281816 -0.0893976 167 168 109 255 
-0.365799 0.0264793 -0.0878196 146 159 77 255 
-0.364024 0.0247909 -0.086254 178 150 60 255 
-0.362263 0.0231162 -0.0847009 208 162 50 255 
-0.360859 0.020235 -0.0816708 221 165 48 255 
-0.359476 0.0173997 -0.0786877 226 164 45 255 
-0.358114 0.0146071 -0.0757506 226 167 47 255 
-0.356597 0.0124354 -0.0735674 227 170 51 255 
-0.355098 0.0102883 -0.0714091 219 174 55 255 
-0.353255 0.00929856 -0.0706692 206 164 66 255 
-0.351236 0.00887978 -0.0706303 173 166 90 255 
-0.349028 0.00902868 -0.0712922 174 174 117 255 
-0.370313 0.0257868 -0.0893542 163 158 98 255 
-0.368363 0.0247247 -0.0885467 145 159 68 255 
-0.366582 0.0230461 -0.0869815 189 155 58 255 
-0.364978 0.0207692 -0.0846767 217 165 49 255 
-0.363227 0.019123 -0.0831419 227 167 50 255 
-0.361658 0.0168914 -0.0808819 227 170 50 255 
-0.360445 0.0135115 -0.0771992 229 167 48 255 
-0.358916 0.0113455 -0.0750079 230 172 50 255 
-0.357403 0.00920509 -0.0728415 228 173 51 255 
-0.355907 0.00708828 -0.0706996 229 172 50 255 
-0.354074 0.00611045 -0.0699654 226 171 53 255 
-0.351883 0.00625356 -0.0706223 216 170 59 255 
-0.349871 0.00583622 -0.0705837 193 167 74 255 
-0.347477 0.00654105 -0.0719438 169 171 100 255 
-0.373017 0.0234124 -0.0893112 157 151 95 255 
-0.371069 0.0223578 -0.0885071 149 155 65 255 
-0.369129 0.0213077 -0.0877061 193 163 58 255 
-0.367355 0.019653 -0.0861535 218 171 58 255 
-0.365756 0.0174085 -0.0838672 224 176 86 255 
-0.364012 0.0157851 -0.0823445 239 196 93 255 
-0.362613 0.0129995 -0.0793737 235 197 96 255 
-0.361234 0.0102567 -0.0764484 227 191 94 255 
-0.359708 0.00812193 -0.0742738 226 186 89 255 
-0.3582 0.00601081 -0.072124 226 182 82 255 
-0.356708 0.00392431 -0.0699984 230 174 64 255 
-0.354883 0.00295717 -0.0692697 224 175 51 255 
-0.352706 0.00309382 -0.0699217 231 174 50 255 
-0.350705 0.00267851 -0.0698834 226 172 53 255 
-0.348328 0.00336723 -0.0712332 214 165 65 255 
-0.345932 0.00406164 -0.0725933 172 168 88 255 
-0.343318 0.00532423 -0.0746722 169 168 112 255 
-0.375842 0.0204433 -0.0885077 171 104 92 255 
-0.373754 0.0200104 -0.0884679 170 111 62 255 
-0.371966 0.0183632 -0.0869154 196 165 58 255 
-0.370039 0.0173288 -0.0861239 221 176 64 255 
-0.368276 0.0157015 -0.0845896 230 204 117 255 
-0.366683 0.0134981 -0.0823301 207 208 168 255 
-0.364949 0.0119019 -0.0808253 148 141 139 255 
-0.363553 0.00916686 -0.0778889 170 175 148 255 
-0.362178 0.00647344 -0.0749972 206 218 168 255 
-0.360658 0.00437652 -0.0728474 204 208 170 255 
-0.359155 0.00230217 -0.0707218 210 203 153 255 
-0.357499 0.000795282 -0.0693053 217 193 121 255 
-0.355683 -0.000161048 -0.068582 220 181 79 255 
-0.35352 -3.10875e-05 -0.0692292 235 175 54 255 
-0.351349 9.94317e-05 -0.0698789 240 174 51 255 
-0.348795 0.00132473 -0.0719191 236 172 51 255 
-0.346213 0.0025637 -0.0739825 219 171 58 255 
-0.3436 0.00381738 -0.0760694 194 168 75 255 
-0.340545 0.00622141 -0.0796273 167 168 97 255 
-0.378635 0.0175095 -0.0877138 171 92 91 255 
-0.376559 0.017078 -0.0876742 185 91 57 255 
-0.374627 0.0160488 -0.0868829 210 162 58 255 
-0.372703 0.015023 -0.0860946 225 177 65 255 
-0.370936 0.0134113 -0.0845665 225 220 126 255 
-0.369182 0.0118114 -0.0830502 206 207 165 255 
-0.367597 0.00964702 -0.080817 142 118 131 255 
-0.366029 0.00750738 -0.0786094 103 96 85 255 
-0.364479 0.00539256 -0.076427 112 100 96 255 
-0.363107 0.00274765 -0.073568 139 166 133 255 
-0.361594 0.000686489 -0.0714425 195 207 167 255 
-0.359932 -0.000811495 -0.070026 206 212 175 255 
-0.358282 -0.00229891 -0.0686201 204 206 168 255 
-0.356304 -0.00270994 -0.0685824 208 198 149 255 
-0.35415 -0.00258633 -0.0692273 220 187 88 255 
-0.351807 -0.00192243 -0.0705623 238 174 55 255 
-0.349075 -0.000165362 -0.0733006 242 175 52 255 
-0.346494 0.00106477 -0.0753719 242 173 51 255 
-0.343683 0.0028681 -0.0781835 234 175 55 255 
-0.340829 0.00469981 -0.0810383 216 168 68 255 
-0.337931 0.00655866 -0.0839375 169 173 93 255 
-0.335208 0.00786456 -0.0861315 170 175 120 255 
-0.381264 0.0152034 -0.087678 171 87 88 255 
-0.379197 0.0147735 -0.0876387 185 88 56 255 
-0.377405 0.0131632 -0.0861047 212 159 55 255 
-0.375487 0.0121487 -0.0853226 222 174 60 255 
-0.373719 0.0105574 -0.0838065 228 205 109 255 
-0.371965 0.00897771 -0.0823019 203 208 160 255 
-0.370224 0.00741067 -0.0808089 138 115 130 255 
-0.368648 0.0052918 -0.0786098 103 94 77 255 
-0.367089 0.00319668 -0.0764357 89 95 84 255 
-0.365547 0.00112507 -0.0742861 91 93 85 255 
-0.364023 -0.000922784 -0.0721606 101 96 84 255 
-0.362355 -0.00241269 -0.0707442 123 143 114 255 
-0.3607 -0.00389112 -0.0693383 184 184 166 255 
-0.358891 -0.00483166 -0.0686206 206 213 175 255 
-0.35692 -0.00524132 -0.0685831 203 206 171 255 
-0.354601 -0.00459132 -0.0699083 205 198 147 255 
-0.352264 -0.00393757 -0.0712434 229 181 83 255 
-0.349167 -0.00111075 -0.0753856 245 175 51 255 
-0.346582 0.000116434 -0.0774728 247 174 53 255 
-0.343966 0.00135734 -0.0795839 248 172 52 255 
-0.341114 0.00317714 -0.0824496 243 173 56 255 
-0.338431 0.00445299 -0.0846182 219 174 67 255 
-0.335934 0.00516888 -0.0860649 197 180 96 255 
-0.333194 0.00646842 -0.0882758 176 181 121 255 
-0.383623 0.0140947 -0.0891432 172 87 87 255 
-0.381686 0.0130747 -0.0883523 183 86 58 255 
-0.379755 0.012059 -0.0875645 210 157 59 255 
-0.377968 0.0104649 -0.0860368 223 169 53 255 
-0.376333 0.00830827 -0.0837867 228 179 77 255 
-0.374576 0.00674334 -0.082288 202 206 143 255 
-0.372832 0.00519003 -0.0808008 138 110 126 255 
-0.3711 0.00364921 -0.0793249 101 93 77 255 
-0.369531 0.00156735 -0.077151 91 91 78 255 
-0.367827 5.42961e-05 -0.0757026 94 92 78 255 
-0.366137 -0.00144804 -0.0742651 92 96 82 255 
-0.364614 -0.00347427 -0.0721478 89 94 79 255 
-0.362792 -0.0044184 -0.0714222 92 99 84 255 
-0.361138 -0.00588738 -0.0700165 119 114 108 255 
-0.359331 -0.0068224 -0.0692989 162 176 159 255 
-0.357195 -0.00670669 -0.0699418 201 216 172 255 
-0.354877 -0.00606264 -0.0712721 202 207 166 255 
-0.352362 -0.00488096 -0.0733052 208 192 132 255 
-0.349073 -0.00151367 -0.0781898 244 180 53 255 
-0.346476 -0.000284318 -0.0803012 250 177 55 255 
-0.34385 0.000959564 -0.0824368 248 175 55 255 
-0.340986 0.00278223 -0.0853356 248 176 57 255 
-0.338291 0.00406095 -0.0875296 245 175 59 255 
-0.336004 0.00420283 -0.0882403 227 185 84 255 
-0.333483 0.00492124 -0.0897097 183 191 126 255 
-0.330942 0.00564585 -0.0911906 181 193 127 255 
-0.32838 0.00637583 -0.0926832 176 182 127 255 
-0.386223 0.0118105 -0.0891021 169 87 92 255 
-0.384164 0.0113831 -0.0890632 179 85 56 255 
-0.382233 0.0103724 -0.0882756 206 150 59 255 
-0.380178 0.00994463 -0.0882367 223 166 54 255 
-0.378527 0.0077871 -0.0859696 230 176 58 255 
-0.376895 0.00565349 -0.0837286 233 183 78 255 
-0.375281 0.00354477 -0.0815131 171 166 130 255 
-0.373544 0.00201309 -0.0800374 108 93 95 255 
-0.371819 0.000492059 -0.0785728 90 92 82 255 
-0.370254 -0.0015605 -0.0764154 91 94 79 255 
-0.368408 -0.00251533 -0.0756765 89 93 80 255 
-0.366721 -0.00400178 -0.0742446 88 91 79 255 
-0.365047 -0.00547767 -0.0728233 91 97 81 255 
-0.363069 -0.00588863 -0.0727859 88 97 84 255 
-0.361413 -0.00735266 -0.0713753 98 100 84 255 
-0.359442 -0.00776241 -0.071338 116 103 96 255 
-0.357302 -0.00764835 -0.0719859 138 170 132 255 
-0.354805 -0.00647841 -0.0740193 196 202 163 255 
-0.352461 -0.00582925 -0.075375 207 201 146 255 
-0.349166 -0.00246805 -0.0802965 244 183 62 255 
-0.34637 -0.000688285 -0.0831514 250 182 63 255 
-0.343733 0.000557546 -0.0853117 251 180 62 255 
-0.341065 0.00181794 -0.0874972 249 181 62 255 
-0.338365 0.00309262 -0.089708 245 180 63 255 
-0.336073 0.00323363 -0.0904246 203 186 72 255 
-0.333772 0.00337384 -0.0911439 170 185 90 255 
-0.331461 0.00351535 -0.091866 161 198 109 255 
-0.328906 0.00423554 -0.0933584 162 197 119 255 
-0.326572 0.00437955 -0.0940891 177 182 118 255 
-0.388803 0.00954383 -0.0890614 169 91 91 255 
-0.386753 0.00911799 -0.0890228 172 83 60 255 
-0.384701 0.00869211 -0.0889841 201 142 59 255 
-0.382777 0.00768965 -0.0881998 227 174 72 255 
-0.380859 0.00669172 -0.0874185 255 196 91 255 
-0.379081 0.00512988 -0.0859033 255 195 84 255 
-0.377586 0.0024616 -0.0829456 234 187 84 255 
-0.375841 0.000933424 -0.0814646 209 207 145 255 
-0.374247 -0.00112864 -0.0792828 177 163 134 255 
-0.37253 -0.00262903 -0.0778294 111 98 104 255 
-0.37097 -0.00465326 -0.0756883 89 93 81 255 
-0.368985 -0.00506549 -0.0756509 89 89 80 255 
-0.367151 -0.00600873 -0.0749177 87 93 82 255 
-0.365324 -0.0069488 -0.0741872 90 97 83 255 
-0.363345 -0.00735985 -0.0741499 90 98 84 255 
-0.361528 -0.0082959 -0.0734221 95 100 84 255 
-0.359717 -0.00922773 -0.0726971 94 98 85 255 
-0.357409 -0.00859402 -0.0740379 106 104 100 255 
-0.355083 -0.00795461 -0.0753887 184 161 130 255 
-0.352559 -0.00678056 -0.0774528 203 207 160 255 
-0.34926 -0.00342555 -0.0824114 255 224 111 255 
-0.346654 -0.00220304 -0.0845552 255 220 106 255 
-0.344018 -0.000966009 -0.0867237 255 212 109 255 
-0.341352 0.000285547 -0.0889174 255 198 96 255 
-0.338654 0.00155136 -0.0911367 212 183 78 255 
-0.336362 0.00168934 -0.0918561 168 184 88 255 
-0.33406 0.00182659 -0.0925783 157 194 98 255 
-0.33175 0.00196511 -0.0933034 159 196 97 255 
-0.329663 0.00153131 -0.093264 160 189 100 255 
-0.327339 0.00166925 -0.0939918 164 187 106 255 
-0.325005 0.00180755 -0.0947224 184 183 123 255 
-0.391473 0.00672315 -0.0882782 168 95 92 255 
-0.389434 0.00629964 -0.0882399 171 81 63 255 
-0.387278 0.0064451 -0.0889442 199 138 66 255 
-0.385356 0.00545138 -0.0881632 245 174 77 255 
-0.38344 0.0044619 -0.0873851 255 238 115 255 
-0.381532 0.00347492 -0.0866099 255 225 127 255 
-0.379892 0.00137843 -0.0843782 245 194 86 255 
-0.378403 -0.00124106 -0.0814544 235 184 72 255 
-0.376667 -0.0027439 -0.0799902 217 202 121 255 
-0.374944 -0.00423625 -0.078537 206 217 179 255 
-0.373233 -0.00571604 -0.0770946 189 178 158 255 
-0.371535 -0.00718626 -0.0756629 126 136 105 255 
-0.369703 -0.00812196 -0.0749325 94 94 91 255 
-0.367729 -0.00853216 -0.0748953 88 95 87 255 
-0.365755 -0.00894348 -0.0748582 92 97 84 255 
-0.363622 -0.00883099 -0.0755141 90 101 87 255 
-0.361644 -0.00924199 -0.0754768 95 103 86 255 
-0.359829 -0.0101745 -0.0747468 97 101 87 255 
-0.357516 -0.0095437 -0.0760978 145 119 120 255 
-0.355186 -0.00890708 -0.0774589 199 209 168 255 
-0.352838 -0.00826571 -0.0788303 218 198 157 255 
-0.349542 -0.00493122 -0.0838073 254 252 157 255 
-0.347131 -0.00426411 -0.0852264 255 253 161 255 
-0.344503 -0.00304193 -0.0873948 255 249 156 255 
-0.341638 -0.00124695 -0.0903379 211 218 142 255 
-0.338728 0.000577074 -0.093327 170 186 94 255 
-0.33665 0.000144992 -0.0932879 157 192 95 255 
-0.334349 0.000279278 -0.094013 156 192 100 255 
-0.332266 -0.000153664 -0.0939738 154 181 108 255 
-0.330183 -0.000586621 -0.0939346 156 148 107 255 
-0.327864 -0.000453874 -0.0946624 145 163 102 255 
-0.325776 -0.000887688 -0.0946232 168 185 111 255 
-0.323198 -0.000185411 -0.0961265 181 181 126 255 
-0.393801 0.00562995 -0.0897239 168 112 95 255 
-0.392086 0.00351404 -0.087466 168 69 64 255 
-0.390058 0.00309165 -0.087428 170 91 71 255 
-0.388031 0.00267026 -0.0873899 206 163 94 255 
-0.386121 0.0016912 -0.0866178 231 198 107 255 
-0.384219 0.000715461 -0.0858487 242 178 78 255 
-0.382449 -0.000806224 -0.0843568 244 176 64 255 
-0.380819 -0.00285901 -0.082159 239 177 61 255 
-0.379336 -0.00542325 -0.0792792 236 177 59 255 
-0.377481 -0.0063676 -0.0785381 227 183 90 255 
-0.375767 -0.00783477 -0.0771011 214 204 161 255 
-0.374066 -0.00929119 -0.0756748 209 216 180 255 
-0.372237 -0.0102194 -0.0749472 194 204 167 255 
-0.37027 -0.0106282 -0.0749103 161 159 124 255 
-0.368155 -0.0105207 -0.075564 104 95 103 255 
-0.366183 -0.0109303 -0.075527 92 96 82 255 
-0.363899 -0.0103022 -0.0768785 92 94 84 255 
-0.36192 -0.0107142 -0.0768414 94 100 87 255 
-0.359941 -0.0111254 -0.0768043 145 114 110 255 
-0.357624 -0.0104963 -0.0781656 197 204 150 255 
-0.35529 -0.00986253 -0.0795371 204 207 154 255 
-0.352938 -0.00922395 -0.080919 239 188 92 255 
-0.349824 -0.00643703 -0.0852035 255 191 72 255 
-0.347415 -0.00577582 -0.086628 255 191 74 255 
-0.344986 -0.00511003 -0.0880635 211 182 79 255 
-0.342335 -0.00388717 -0.0902567 169 184 90 255 
-0.33923 -0.00153123 -0.0939948 155 190 92 255 
-0.336939 -0.00140025 -0.09472 156 190 99 255 
-0.334638 -0.00126897 -0.095448 156 180 114 255 
-0.332555 -0.00170197 -0.0954089 150 158 132 255 
-0.330472 -0.00213504 -0.0953698 151 151 135 255 
-0.328153 -0.00200509 -0.0961005 140 142 122 255 
-0.325826 -0.00187496 -0.096834 156 161 99 255 
-0.323488 -0.00174362 -0.0975705 164 180 112 255 
-0.320386 0.000103749 -0.100664 178 176 115 255 
-0.394297 0.00298601 -0.0896434 162 70 67 255 
-0.392585 0.000892222 -0.0873946 165 67 59 255 
-0.390565 0.000472348 -0.0873568 167 67 60 255 
-0.388659 -0.0004992 -0.0865878 180 81 58 255 
-0.386875 -0.00201308 -0.0850961 196 127 52 255 
-0.384986 -0.00297417 -0.0843358 221 161 57 255 
-0.383226 -0.00447151 -0.0828609 229 167 53 255 
-0.381604 -0.00648817 -0.080688 231 170 52 255 
-0.380126 -0.0090057 -0.0778406 232 171 53 255 
-0.378412 -0.0104555 -0.0764143 233 178 57 255 
-0.376579 -0.0113804 -0.0756867 228 187 95 255 
-0.374887 -0.0128128 -0.0742763 213 205 161 255 
-0.372931 -0.0132205 -0.0742396 210 214 172 255 
-0.370975 -0.0136273 -0.0742031 201 212 173 255 
-0.368726 -0.0130138 -0.0755398 184 166 147 255 
-0.366611 -0.0129103 -0.0761935 116 117 102 255 
-0.364488 -0.0128062 -0.0768496 88 98 95 255 
-0.362197 -0.0121854 -0.0782062 132 121 117 255 
-0.360218 -0.0125976 -0.0781692 194 205 156 255 
-0.357902 -0.0119745 -0.0795357 205 209 146 255 
-0.355742 -0.0118674 -0.0802042 227 185 108 255 
-0.353396 -0.0112378 -0.081586 254 188 61 255 
-0.350479 -0.00901404 -0.085143 245 190 62 255 
-0.348271 -0.00890072 -0.0858323 196 177 69 255 
-0.345859 -0.00825002 -0.0872565 160 186 86 255 
-0.343228 -0.0070529 -0.0894326 153 188 92 255 
-0.340149 -0.00474079 -0.0931411 158 190 97 255 
-0.337444 -0.00350496 -0.0953854 160 180 114 255 
-0.335148 -0.00337777 -0.0961134 152 156 136 255 
-0.332844 -0.00325028 -0.0968442 149 150 137 255 
-0.33076 -0.00368334 -0.0968052 150 149 136 255 
-0.328442 -0.00355646 -0.0975388 148 152 126 255 
-0.326115 -0.0034293 -0.0982753 133 155 99 255 
-0.323778 -0.00330191 -0.0990147 147 181 101 255 
-0.320678 -0.00146733 -0.10212 161 185 99 255 
-0.317528 0.000397444 -0.105275 181 181 116 255 
-0.396417 0.00301982 -0.0925775 154 80 80 255 
-0.394687 0.000917442 -0.0903034 147 58 54 255 
-0.392976 -0.00116084 -0.0880552 155 67 59 255 
-0.391177 -0.00267277 -0.0865581 160 63 56 255 
-0.389168 -0.00309058 -0.0865206 164 66 59 255 
-0.387504 -0.00512655 -0.0843149 172 71 57 255 
-0.385624 -0.00607664 -0.0835603 183 111 53 255 
-0.383991 -0.00808105 -0.0813876 213 146 50 255 
-0.382377 -0.0100637 -0.0792391 226 170 54 255 
-0.380904 -0.0125364 -0.0764234 228 171 51 255 
-0.3792 -0.013963 -0.0750129 232 172 51 255 
-0.377378 -0.0148745 -0.0742933 235 175 53 255 
-0.375563 -0.0157827 -0.0735764 231 182 83 255 
-0.373754 -0.0166887 -0.0728621 214 199 137 255 
-0.371531 -0.0160906 -0.0741843 208 205 154 255 
-0.369293 -0.0154894 -0.0755162 212 213 157 255 
-0.367037 -0.0148834 -0.0768579 194 191 139 255 
-0.364764 -0.0142734 -0.0782095 168 172 103 255 
-0.362633 -0.0141718 -0.0788707 189 197 136 255 
-0.360495 -0.0140698 -0.0795343 219 191 128 255 
-0.35818 -0.0134517 -0.080906 240 186 71 255 
-0.35602 -0.0133485 -0.0815771 254 186 58 255 
-0.353852 -0.0132449 -0.0822508 247 180 64 255 
-0.351311 -0.0120957 -0.0843618 198 147 67 255 
-0.349117 -0.0119888 -0.0850457 162 177 86 255 
-0.346722 -0.0113543 -0.0864591 151 189 91 255 
-0.344309 -0.0107151 -0.0878832 153 186 97 255 
-0.341059 -0.0079137 -0.0922976 157 179 113 255 
-0.337732 -0.00504727 -0.0968152 153 155 131 255 
-0.335437 -0.00492305 -0.0975461 149 151 138 255 
-0.332908 -0.00423989 -0.0990553 148 149 136 255 
-0.330589 -0.00411402 -0.0997949 149 148 132 255 
-0.328262 -0.00398794 -0.100537 146 148 127 255 
-0.325924 -0.00386059 -0.101283 125 137 106 255 
-0.323823 -0.00429811 -0.101244 149 182 99 255 
-0.320717 -0.00246767 -0.104373 155 190 100 255 
-0.317561 -0.000608098 -0.107552 172 186 109 255 
-0.398553 0.0030528 -0.0955343 155 107 94 255 
-0.396805 0.000942718 -0.0932346 119 63 56 255 
-0.395076 -0.00114414 -0.0909612 99 44 37 255 
-0.393366 -0.00320604 -0.0887136 133 53 50 255 
-0.391675 -0.00524604 -0.0864914 154 64 56 255 
-0.389784 -0.00619824 -0.0857315 160 58 60 255 
-0.388126 -0.00820557 -0.0835426 162 65 62 255 
-0.38637 -0.00966834 -0.0820847 168 66 59 255 
-0.384746 -0.0116387 -0.0799363 179 89 55 255 
-0.383018 -0.0130758 -0.0785051 205 135 49 255 
-0.381549 -0.0155133 -0.0757105 225 171 54 255 
-0.379726 -0.0164209 -0.074991 230 171 47 255 
-0.378038 -0.017822 -0.0735961 231 172 48 255 
-0.3761 -0.0182253 -0.0735601 236 175 51 255 
-0.374162 -0.0186296 -0.073524 237 184 59 255 
-0.372084 -0.0185373 -0.0741658 237 178 61 255 
-0.369711 -0.0174466 -0.0761782 237 185 70 255 
-0.367461 -0.0168496 -0.07752 236 180 73 255 
-0.365194 -0.0162477 -0.0788717 231 185 61 255 
-0.36291 -0.0156411 -0.0802334 240 184 55 255 
-0.360771 -0.015542 -0.0808997 250 182 52 255 
-0.358625 -0.0154436 -0.0815684 255 183 53 255 
-0.35647 -0.0153435 -0.0822396 244 177 63 255 
-0.354306 -0.0152442 -0.0829133 213 113 64 255 
-0.352134 -0.0151443 -0.0835895 188 89 81 255 
-0.350138 -0.0155597 -0.0835524 165 146 97 255 
-0.347765 -0.0149434 -0.0849496 160 188 102 255 
-0.34518 -0.0137997 -0.087084 156 181 108 255 
-0.341957 -0.0110508 -0.0914641 152 159 129 255 
-0.338234 -0.00714127 -0.0974758 150 152 139 255 
-0.335506 -0.0059148 -0.0997544 149 149 138 255 
-0.332971 -0.00523355 -0.101275 149 148 133 255 
-0.330649 -0.00510952 -0.102021 147 149 128 255 
-0.328079 -0.00442177 -0.10356 130 142 109 255 
-0.325733 -0.00429635 -0.104314 136 156 86 255 
-0.323623 -0.00473539 -0.104275 160 184 106 255 
-0.320503 -0.00290053 -0.107441 161 192 111 255 
-0.317332 -0.00103765 -0.110658 171 187 110 255 
-0.399034 0.000407904 -0.0954317 137 74 64 255 
-0.397289 -0.00167895 -0.0931415 86 51 44 255 
-0.395563 -0.00374283 -0.0908773 67 48 47 255 
-0.393754 -0.0052445 -0.0893697 84 48 54 255 
-0.39217 -0.00780056 -0.0864255 123 56 57 255 
-0.390393 -0.00927053 -0.0849514 152 64 59 255 
-0.38874 -0.0112503 -0.0827792 160 64 60 255 
-0.386992 -0.0126944 -0.0813323 165 62 59 255 
-0.385373 -0.0146362 -0.0792001 166 65 59 255 
-0.383653 -0.0160546 -0.0777796 173 78 58 255 
-0.382066 -0.0179608 -0.0756862 190 131 54 255 
-0.380249 -0.0188612 -0.0749696 219 163 54 255 
-0.378438 -0.0197573 -0.0742555 231 171 47 255 
-0.376634 -0.0206512 -0.073544 234 178 53 255 
-0.374569 -0.0205638 -0.0741837 235 173 52 255 
-0.372495 -0.0204756 -0.0748257 239 176 51 255 
-0.370272 -0.0198929 -0.0761528 244 179 50 255 
-0.368032 -0.0193073 -0.0774897 247 182 51 255 
-0.365623 -0.0182154 -0.0795317 248 178 48 255 
-0.363344 -0.0176177 -0.0808935 250 184 51 255 
-0.36121 -0.0175229 -0.0815598 253 185 54 255 
-0.359068 -0.0174275 -0.0822286 243 176 63 255 
-0.357088 -0.0178399 -0.0821918 211 112 65 255 
-0.355107 -0.0182524 -0.0821551 195 77 76 255 
-0.353126 -0.018665 -0.0821183 198 81 93 255 
-0.350963 -0.0185715 -0.0827894 174 121 115 255 
-0.348607 -0.0179704 -0.084176 158 174 105 255 
-0.345847 -0.0163355 -0.0870178 159 170 115 255 
-0.342645 -0.0136256 -0.0913805 150 153 139 255 
-0.338735 -0.00922735 -0.0981341 152 151 138 255 
-0.336014 -0.00801555 -0.100412 152 149 135 255 
-0.333262 -0.00678962 -0.102717 148 148 128 255 
-0.330708 -0.00611011 -0.104256 133 146 113 255 
-0.328134 -0.00542529 -0.105807 136 153 89 255 
-0.325539 -0.00473424 -0.10737 152 178 107 255 
-0.323421 -0.00517604 -0.107331 161 198 128 255 
-0.320542 -0.00391103 -0.109718 157 189 117 255 
-0.317365 -0.00205147 -0.11296 168 160 118 255 
-0.401361 -0.000685293 -0.0968779 152 93 91 255 
-0.39951 -0.00221635 -0.0953301 109 67 61 255 
-0.397769 -0.0042811 -0.0930493 125 85 67 255 
-0.395948 -0.00578394 -0.0915307 145 125 87 255 
-0.394141 -0.00727593 -0.0900236 142 115 80 255 
-0.392557 -0.00981171 -0.0870801 131 97 75 255 
-0.390889 -0.0117913 -0.084892 116 62 65 255 
-0.389239 -0.0137501 -0.0827283 147 59 55 255 
-0.387608 -0.0156861 -0.0805885 160 65 61 255 
-0.385879 -0.017101 -0.079163 162 63 59 255 
-0.384163 -0.0185054 -0.0777479 163 64 61 255 
-0.382459 -0.0198994 -0.0763431 169 71 60 255 
-0.380645 -0.0207942 -0.0756266 182 114 56 255 
-0.378962 -0.022173 -0.0742372 216 148 51 255 
-0.377035 -0.0225742 -0.0742015 230 170 53 255 
-0.374974 -0.0224909 -0.0748413 234 174 49 255 
-0.372905 -0.022406 -0.0754834 237 172 47 255 
-0.370687 -0.0218325 -0.0768106 242 177 48 255 
-0.368452 -0.021255 -0.0781475 247 174 46 255 
-0.36605 -0.0201761 -0.0801895 250 179 48 255 
-0.363777 -0.0195866 -0.0815513 253 178 51 255 
-0.361647 -0.0194959 -0.0822177 240 173 62 255 
-0.359674 -0.019907 -0.0821812 210 113 65 255 
-0.357701 -0.0203179 -0.0821447 192 78 75 255 
-0.355727 -0.020728 -0.0821081 192 78 83 255 
-0.353753 -0.0211392 -0.0820716 199 98 96 255 
-0.3516 -0.021052 -0.0827402 186 93 94 255 
-0.349255 -0.0204622 -0.0841215 157 157 95 255 
-0.34651 -0.0188518 -0.0869524 157 168 122 255 
-0.343327 -0.0161809 -0.091298 150 153 137 255 
-0.339022 -0.0107639 -0.0995591 150 151 137 255 
-0.336084 -0.00901322 -0.102627 150 149 134 255 
-0.3331 -0.0072338 -0.105743 140 148 120 255 
-0.330536 -0.00655434 -0.107299 139 144 99 255 
-0.327951 -0.00586859 -0.108869 156 176 105 255 
-0.325344 -0.00517665 -0.11045 161 197 125 255 
-0.322968 -0.00505172 -0.111226 161 199 117 255 
-0.320069 -0.00377832 -0.113652 167 189 121 255 
-0.317134 -0.00249043 -0.116107 179 185 134 255 
-0.409505 0.00173758 -0.101504 163 75 72 255 
-0.407531 0.000747085 -0.100695 172 100 86 255 
-0.401829 -0.00330599 -0.0967709 129 81 70 255 
-0.399891 -0.00427643 -0.0959801 132 110 80 255 
-0.398151 -0.00632481 -0.0937 146 146 117 255 
-0.396332 -0.00781804 -0.092182 114 119 105 255 
-0.394526 -0.00929958 -0.0906753 96 106 87 255 
-0.392942 -0.0118151 -0.0877325 108 123 103 255 
-0.391275 -0.0137812 -0.085545 128 110 92 255 
-0.389734 -0.0162313 -0.082678 112 63 60 255 
-0.387995 -0.0176472 -0.0812423 143 58 57 255 
-0.386382 -0.0195482 -0.0791264 157 63 60 255 
-0.38467 -0.0209385 -0.0777167 159 68 61 255 
-0.382971 -0.0223195 -0.0763172 164 63 61 255 
-0.381161 -0.0232062 -0.0756035 170 68 60 255 
-0.379234 -0.0236074 -0.0755679 182 92 57 255 
-0.377306 -0.0240099 -0.0755323 210 140 50 255 
-0.375245 -0.0239286 -0.0761746 227 169 51 255 
-0.373176 -0.0238467 -0.0768192 236 176 52 255 
-0.370959 -0.0232781 -0.0781514 240 172 45 255 
-0.368726 -0.0227065 -0.0794934 246 176 46 255 
-0.366475 -0.022129 -0.0808452 248 176 51 255 
-0.364208 -0.0215485 -0.0822069 242 172 60 255 
-0.362083 -0.0214621 -0.0828734 210 116 65 255 
-0.360114 -0.0218724 -0.082837 188 80 77 255 
-0.358144 -0.0222818 -0.0828007 190 76 81 255 
-0.356003 -0.0221965 -0.0834695 192 91 94 255 
-0.354029 -0.0226077 -0.0834331 175 90 98 255 
-0.351876 -0.0225224 -0.0841043 183 85 85 255 
-0.349531 -0.0219385 -0.0854908 161 144 92 255 
-0.346789 -0.02034 -0.088332 157 170 118 255 
-0.34341 -0.017168 -0.0934362 152 151 138 255 
-0.339097 -0.0117613 -0.101759 152 152 137 255 
-0.336154 -0.0100148 -0.10485 145 148 128 255 
-0.333165 -0.00824061 -0.10799 139 137 107 255 
-0.330362 -0.00700186 -0.110367 155 174 107 255 
-0.327765 -0.00631512 -0.111955 160 199 127 255 
-0.325148 -0.00562337 -0.113556 161 197 120 255 
-0.322762 -0.00549839 -0.114341 136 157 115 255 
-0.319849 -0.00422335 -0.116795 147 147 121 255 
-0.316901 -0.00293195 -0.11928 178 177 120 255 
-0.409723 0.00077134 -0.103701 155 62 67 255 
-0.407822 -0.000779372 -0.102112 161 68 63 255 
-0.405936 -0.00231896 -0.100535 163 83 72 255 
-0.403979 -0.00329703 -0.0997329 151 78 67 255 
-0.402118 -0.00481874 -0.0981744 131 86 73 255 
-0.400179 -0.00578627 -0.097381 152 144 105 255 
-0.398437 -0.00782677 -0.0950931 144 125 107 255 
-0.396617 -0.00931416 -0.0935698 95 129 100 255 
-0.39491 -0.0113154 -0.0913248 68 98 87 255 
-0.393326 -0.0138124 -0.0883827 90 70 75 255 
-0.39166 -0.0157632 -0.0861958 131 122 86 255 
-0.390012 -0.0176921 -0.084033 105 116 97 255 
-0.388381 -0.0196005 -0.081894 104 52 35 255 
-0.386769 -0.0214871 -0.0797785 134 54 55 255 
-0.385059 -0.022869 -0.0783691 155 64 60 255 
-0.383242 -0.023756 -0.0776504 161 67 64 255 
-0.381433 -0.0246418 -0.0769344 164 63 60 255 
-0.379629 -0.0255232 -0.0762209 168 71 63 255 
-0.377577 -0.0254445 -0.0768634 178 82 57 255 
-0.375648 -0.025847 -0.0768279 198 132 51 255 
-0.373448 -0.0252873 -0.0781553 226 165 53 255 
-0.371372 -0.0252088 -0.0788049 238 168 45 255 
-0.369144 -0.0246444 -0.0801468 246 172 48 255 
-0.366749 -0.0235863 -0.0821963 240 167 59 255 
-0.364637 -0.0235037 -0.0828604 209 117 61 255 
-0.362517 -0.0234205 -0.0835269 192 78 75 255 
-0.360389 -0.0233378 -0.0841959 189 78 81 255 
-0.358252 -0.0232537 -0.0848674 190 94 93 255 
-0.356278 -0.0236649 -0.0848311 179 99 109 255 
-0.35413 -0.023582 -0.085505 144 110 123 255 
-0.351973 -0.0234996 -0.0861814 177 78 79 255 
-0.349624 -0.0229175 -0.0875783 163 132 90 255 
-0.346877 -0.021324 -0.0904407 161 174 114 255 
-0.343692 -0.0186759 -0.0948345 154 150 137 255 
-0.339385 -0.0133026 -0.103188 148 148 132 255 
-0.336225 -0.0110214 -0.107082 137 134 112 255 
-0.33323 -0.00925126 -0.110246 145 170 100 255 
-0.330421 -0.00801657 -0.112642 159 196 119 255 
-0.327579 -0.00676604 -0.115067 158 198 122 255 
-0.325197 -0.00664315 -0.115855 171 185 119 255 
-0.322806 -0.00652012 -0.116647 162 184 115 255 
-0.319888 -0.00524934 -0.11912 157 178 110 255 
-0.316934 -0.0039621 -0.121624 174 179 114 255 
-0.410016 -0.000760909 -0.105123 153 96 80 255 
-0.408114 -0.00230676 -0.103529 156 62 61 255 
-0.406146 -0.00328898 -0.102718 160 64 63 255 
-0.404269 -0.00481565 -0.101142 144 70 66 255 
-0.402318 -0.00578731 -0.10034 144 111 82 255 
-0.400466 -0.00729606 -0.0987822 155 150 109 255 
-0.398816 -0.00986065 -0.0957391 132 142 108 255 
-0.396998 -0.0113375 -0.0942165 91 122 105 255 
-0.395193 -0.0128036 -0.0927052 77 124 114 255 
-0.393606 -0.015289 -0.0897529 84 97 93 255 
-0.391939 -0.0172319 -0.0875584 148 137 98 255 
-0.390289 -0.0191531 -0.0853882 147 145 112 255 
-0.388657 -0.0210535 -0.0832419 91 54 53 255 
-0.386931 -0.0224436 -0.0818122 86 44 39 255 
-0.385217 -0.0238242 -0.0803929 110 59 54 255 
-0.383397 -0.024712 -0.0796693 145 60 57 255 
-0.381704 -0.0260763 -0.0782655 158 64 61 255 
-0.3799 -0.0269559 -0.0775497 163 67 64 255 
-0.377848 -0.0268801 -0.0781947 165 71 65 255 
-0.375919 -0.0272826 -0.0781593 173 76 62 255 
-0.373855 -0.0272069 -0.0788066 190 122 58 255 
-0.371784 -0.0271318 -0.0794562 225 156 53 255 
-0.369561 -0.0265766 -0.0807981 235 164 58 255 
-0.367173 -0.0255305 -0.0828475 209 115 61 255 
-0.364912 -0.0249641 -0.0842143 192 78 72 255 
-0.362792 -0.0248839 -0.0848835 189 78 80 255 
-0.360664 -0.0248032 -0.0855551 194 93 93 255 
-0.358528 -0.024723 -0.0862292 180 100 114 255 
-0.356384 -0.0246414 -0.0869058 167 147 138 255 
-0.354231 -0.0245612 -0.0875849 143 136 129 255 
-0.351891 -0.0239836 -0.0889872 179 74 73 255 
-0.349532 -0.0234011 -0.0904 165 115 85 255 
-0.346965 -0.0223109 -0.0925576 163 178 112 255 
-0.343974 -0.0201847 -0.0962331 149 151 134 255 
-0.339462 -0.0143071 -0.105399 134 140 115 255 
-0.336296 -0.012031 -0.109324 145 167 94 255 
-0.333295 -0.010266 -0.112512 153 190 106 255 
-0.330716 -0.00959446 -0.114105 157 189 110 255 
-0.327875 -0.00835379 -0.116538 133 174 114 255 
-0.325494 -0.00823484 -0.11733 143 141 134 255 
-0.322851 -0.00754686 -0.118962 159 177 113 255 
-0.319927 -0.00627936 -0.121455 158 176 107 255 
-0.316967 -0.0049962 -0.123978 176 176 112 255 
-0.410309 -0.00229424 -0.106546 158 117 95 255 
-0.408406 -0.00383404 -0.104946 160 65 68 255 
-0.406437 -0.00481339 -0.104132 162 99 76 255 
-0.404559 -0.00633531 -0.102551 141 67 72 255 
-0.402695 -0.00784525 -0.100982 145 117 87 255 
-0.400845 -0.00934345 -0.0994251 149 142 109 255 
-0.399195 -0.0118876 -0.0963831 108 133 117 255 
-0.397378 -0.013354 -0.0948609 77 119 110 255 
-0.395575 -0.0148096 -0.0933502 97 123 109 255 
-0.393989 -0.0172756 -0.0903987 87 122 103 255 
-0.392217 -0.0187007 -0.0889213 152 151 110 255 
-0.390566 -0.0206141 -0.0867436 167 159 115 255 
-0.388823 -0.0220143 -0.0852933 92 85 77 255 
-0.387093 -0.0234033 -0.0838535 61 49 30 255 
-0.385375 -0.0247825 -0.0824243 71 53 36 255 
-0.383669 -0.0261524 -0.0810054 93 57 42 255 
-0.381855 -0.027035 -0.0802822 131 57 58 255 
-0.380048 -0.0279143 -0.0795616 153 67 63 255 
-0.378119 -0.0283158 -0.0795263 161 75 69 255 
-0.37619 -0.0287183 -0.079491 169 80 77 255 
-0.374127 -0.0286456 -0.0801407 169 79 89 255 
-0.372056 -0.0285735 -0.0807928 186 102 69 255 
-0.369833 -0.0280231 -0.0821398 196 99 56 255 
-0.367447 -0.0269859 -0.0841967 189 77 72 255 
-0.365187 -0.0264245 -0.0855685 190 77 81 255 
-0.36291 -0.025859 -0.0869506 194 86 92 255 
-0.360778 -0.0257802 -0.0876273 183 99 114 255 
-0.358638 -0.0257018 -0.0883066 165 147 143 255 
-0.356489 -0.0256219 -0.0889884 155 151 140 255 
-0.354157 -0.0250487 -0.0903961 150 145 128 255 
-0.351808 -0.0244708 -0.0918143 168 72 75 255 
-0.34944 -0.0238891 -0.0932431 165 102 86 255 
-0.346671 -0.0222907 -0.0961703 164 178 110 255 
-0.343659 -0.0201522 -0.0999015 131 152 118 255 
-0.339539 -0.0153166 -0.10762 142 164 90 255 
-0.336587 -0.0135911 -0.11077 153 187 102 255 
-0.333589 -0.0118389 -0.113969 154 189 112 255 
-0.330776 -0.0106172 -0.116392 170 176 113 255 
-0.32793 -0.0093806 -0.118844 159 173 100 255 
-0.325544 -0.00926262 -0.119642 144 167 108 255 
-0.322642 -0.00800813 -0.122134 143 165 103 255 
-0.319705 -0.00673907 -0.124656 153 173 105 255 
-0.316731 -0.00545346 -0.127209 179 176 115 255 
-0.410602 -0.00382751 -0.107969 163 82 82 255 
-0.408698 -0.00536245 -0.106364 162 66 70 255 
-0.406808 -0.00688465 -0.104771 157 62 66 255 
-0.404932 -0.00839581 -0.103191 150 64 66 255 
-0.40307 -0.00989525 -0.101622 143 105 81 255 
-0.401311 -0.0119125 -0.0993105 135 123 102 255 
-0.399664 -0.0144278 -0.0962808 84 91 94 255 
-0.397852 -0.0158799 -0.0947649 80 71 54 255 
-0.396054 -0.0173204 -0.0932602 91 98 76 255 
-0.394369 -0.0192564 -0.0910423 89 126 104 255 
-0.3926 -0.0206709 -0.0895654 153 149 109 255 
-0.390843 -0.022076 -0.0880993 166 160 116 255 
-0.389099 -0.0234705 -0.0866441 95 107 99 255 
-0.387368 -0.0248544 -0.0851995 60 45 25 255 
-0.385649 -0.0262289 -0.0837654 61 53 30 255 
-0.383942 -0.0275929 -0.0823418 63 49 36 255 
-0.382127 -0.0284735 -0.0816162 83 52 45 255 
-0.380319 -0.0293499 -0.0808933 109 61 56 255 
-0.37839 -0.0297524 -0.0808581 145 62 64 255 
-0.376461 -0.030154 -0.0808228 161 115 98 255 
-0.374398 -0.0300852 -0.0814751 193 145 132 255 
-0.372327 -0.0300151 -0.0821298 195 116 96 255 
-0.370106 -0.0294696 -0.0834817 184 68 68 255 
-0.367721 -0.0284414 -0.085546 205 100 85 255 
-0.365461 -0.0278849 -0.086923 198 89 102 255 
-0.363185 -0.0273255 -0.0883101 185 97 112 255 
-0.361054 -0.0272495 -0.0889895 168 145 136 255 
-0.358748 -0.0266835 -0.090392 154 151 145 255 
-0.356595 -0.0266065 -0.0910791 150 149 140 255 
-0.354259 -0.0260361 -0.0924973 153 146 126 255 
-0.351724 -0.0249631 -0.0946629 152 77 82 255 
-0.349347 -0.0243802 -0.096108 168 95 88 255 
-0.346566 -0.0227799 -0.0990681 164 170 99 255 
-0.343542 -0.0206377 -0.102842 150 175 100 255 
-0.339616 -0.016329 -0.10985 153 185 102 255 
-0.336659 -0.0146087 -0.113023 156 185 103 255 
-0.333655 -0.0128616 -0.116247 132 175 111 255 
-0.330837 -0.011643 -0.118689 120 133 131 255 
-0.327985 -0.0104105 -0.12116 115 127 95 255 
-0.325595 -0.0102954 -0.121964 102 104 74 255 
-0.322432 -0.00847379 -0.125332 108 106 76 255 
-0.319744 -0.0077791 -0.127017 140 147 92 255 
-0.316764 -0.00649771 -0.12959 147 159 111 255 
-0.412884 -0.00437749 -0.11022 164 91 82 255 
-0.410968 -0.00591293 -0.108604 155 75 71 255 
-0.409065 -0.00743626 -0.107 148 61 69 255 
-0.407256 -0.00948763 -0.104635 141 58 68 255 
-0.405385 -0.0109827 -0.103061 137 61 65 255 
-0.403614 -0.0129943 -0.100741 135 80 71 255 
-0.401862 -0.0149837 -0.0984475 135 117 92 255 
-0.40013 -0.0169502 -0.0961796 110 102 92 255 
-0.398323 -0.0183873 -0.0946698 75 65 61 255 
-0.396625 -0.0203163 -0.0924441 64 67 67 255 
-0.394749 -0.0212292 -0.0916838 83 108 91 255 
-0.392981 -0.0226343 -0.0902073 153 152 108 255 
-0.391121 -0.0235378 -0.0894553 166 156 116 255 
-0.389376 -0.0249265 -0.0879951 97 115 106 255 
-0.387643 -0.0263056 -0.0865457 53 38 44 255 
-0.385923 -0.0276752 -0.0851068 48 44 58 255 
-0.384098 -0.0285577 -0.0843737 48 49 59 255 
-0.382279 -0.0294381 -0.0836431 53 48 45 255 
-0.380467 -0.0303152 -0.0829153 73 54 36 255 
-0.378535 -0.0307173 -0.0828801 91 57 50 255 
-0.376602 -0.0311206 -0.082845 127 65 62 255 
-0.374669 -0.0315239 -0.0828098 170 75 73 255 
-0.372599 -0.0314567 -0.0834669 174 84 81 255 
-0.370379 -0.0309172 -0.0848238 178 67 74 255 
-0.367995 -0.0298968 -0.0868957 202 76 89 255 
-0.365584 -0.0288642 -0.0889904 190 96 116 255 
-0.363304 -0.0283067 -0.0903879 172 147 133 255 
-0.360844 -0.027256 -0.0925216 155 153 143 255 
-0.358691 -0.0271799 -0.093214 153 150 139 255 
-0.356359 -0.0266109 -0.094643 148 146 136 255 
-0.354009 -0.0260371 -0.0960827 152 145 126 255 
-0.351458 -0.0249579 -0.098281 139 90 89 255 
-0.349066 -0.0243717 -0.0997481 168 89 84 255 
-0.346461 -0.0232733 -0.101988 162 158 91 255 
-0.343424 -0.0211285 -0.105805 155 183 102 255 
-0.339693 -0.0173466 -0.112089 150 181 108 255 
-0.336731 -0.0156312 -0.115286 163 168 107 255 
-0.333721 -0.0138883 -0.118534 154 147 89 255 
-0.330898 -0.0126747 -0.120995 119 106 81 255 
-0.328041 -0.0114454 -0.123485 83 78 66 255 
-0.325645 -0.0113323 -0.124295 68 74 67 255 
-0.322477 -0.00951583 -0.127689 87 79 62 255 
-0.319783 -0.0088233 -0.129387 119 111 77 255 
-0.316797 -0.00754619 -0.13198 109 111 95 255 
-0.415111 -0.00437322 -0.113281 151 94 95 255 
-0.413178 -0.0059147 -0.111646 132 85 88 255 
-0.411332 -0.00799038 -0.109237 121 96 91 255 
-0.409432 -0.00950323 -0.107633 112 104 99 255 
-0.407546 -0.0110042 -0.106042 109 101 98 255 
-0.405755 -0.0130236 -0.103696 111 86 89 255 
-0.403984 -0.0150197 -0.101377 125 67 74 255 
-0.402233 -0.0169937 -0.0990845 135 89 72 255 
-0.400502 -0.0189448 -0.0968174 131 117 95 255 
-0.398697 -0.0203721 -0.0953082 106 100 89 255 
-0.396905 -0.0217889 -0.0938101 66 61 67 255 
-0.395127 -0.0231942 -0.0923231 87 100 86 255 
-0.393361 -0.0245899 -0.0908471 152 160 116 255 
-0.391503 -0.0254888 -0.0900954 165 155 116 255 
-0.389652 -0.0263835 -0.0893464 138 134 109 255 
-0.387807 -0.027276 -0.0886002 135 114 81 255 
-0.386083 -0.0286433 -0.0871513 135 128 94 255 
-0.384371 -0.0300021 -0.0857129 138 125 94 255 
-0.382552 -0.0308795 -0.0849801 131 106 79 255 
-0.380739 -0.0317536 -0.0842499 81 77 59 255 
-0.378807 -0.0321569 -0.0842148 60 42 51 255 
-0.376874 -0.0325602 -0.0841797 81 46 34 255 
-0.374808 -0.0324953 -0.0848395 101 53 43 255 
-0.372871 -0.0328992 -0.0848043 151 60 62 255 
-0.370509 -0.031893 -0.0868686 175 66 71 255 
-0.368121 -0.0308754 -0.0889556 190 83 91 255 
-0.365707 -0.0298476 -0.0910657 175 139 121 255 
-0.363106 -0.0283198 -0.0939279 155 153 143 255 
-0.360631 -0.0272639 -0.0960936 150 151 141 255 
-0.358466 -0.0271872 -0.0967968 150 146 136 255 
-0.35612 -0.0266148 -0.0982474 147 143 132 255 
-0.353755 -0.0260377 -0.099709 148 137 123 255 
-0.351188 -0.0249524 -0.101941 137 82 93 255 
-0.348781 -0.024364 -0.10343 171 83 84 255 
-0.34616 -0.0232585 -0.105705 163 141 91 255 
-0.343306 -0.0216224 -0.108791 155 181 106 255 
-0.339558 -0.0178345 -0.115147 138 175 113 255 
-0.336583 -0.0161156 -0.118381 118 147 131 255 
-0.333788 -0.0149201 -0.120831 103 112 101 255 
-0.330724 -0.0131539 -0.124156 82 79 70 255 
-0.327854 -0.0119239 -0.126676 68 65 55 255 
-0.325448 -0.0118108 -0.127496 67 73 62 255 
-0.322007 -0.00941716 -0.131807 75 76 64 255 
-0.319559 -0.00929768 -0.132648 88 87 70 255 
-0.316559 -0.00801812 -0.135272 95 94 90 255 
-0.417416 -0.00492823 -0.115557 119 128 115 255 
-0.415471 -0.00646999 -0.11391 102 123 128 255 
-0.41354 -0.00800083 -0.112276 89 131 137 255 
-0.411624 -0.00951869 -0.110655 83 138 141 255 
-0.409797 -0.0115624 -0.108265 77 145 148 255 
-0.40799 -0.0135816 -0.105902 80 148 152 255 
-0.406123 -0.0150566 -0.10433 87 142 150 255 
-0.404354 -0.0170372 -0.102011 100 98 115 255 
-0.402604 -0.0189968 -0.0997194 127 66 71 255 
-0.400962 -0.0214367 -0.0967153 138 88 75 255 
-0.399162 -0.022849 -0.0952121 129 114 93 255 
-0.397375 -0.0242507 -0.09372 91 96 91 255 
-0.395503 -0.0251533 -0.0929603 113 102 90 255 
-0.393638 -0.0260527 -0.0922034 152 158 119 255 
-0.39178 -0.0269477 -0.0914493 155 154 118 255 
-0.389928 -0.0278406 -0.090698 138 148 116 255 
-0.388083 -0.0287301 -0.0899494 129 143 115 255 
-0.386358 -0.0300934 -0.0884956 131 143 116 255 
-0.384528 -0.0309739 -0.0877551 151 152 115 255 
-0.382705 -0.031851 -0.0870173 162 164 119 255 
-0.380889 -0.0327249 -0.0862822 149 148 112 255 
-0.378953 -0.0331288 -0.0862472 112 104 82 255 
-0.377016 -0.0335338 -0.0862121 69 37 53 255 
-0.37508 -0.0339378 -0.086177 70 36 33 255 
-0.373006 -0.0338753 -0.0868418 143 56 57 255 
-0.370782 -0.0333434 -0.0882137 172 70 75 255 
-0.368396 -0.0323348 -0.0903082 178 100 103 255 
-0.36583 -0.030834 -0.093149 162 153 142 255 
-0.363067 -0.0288232 -0.0967687 151 151 142 255 
-0.360582 -0.027766 -0.0989587 151 145 136 255 
-0.358239 -0.027195 -0.10042 147 142 132 255 
-0.355878 -0.0266191 -0.101893 147 139 129 255 
-0.353499 -0.0260387 -0.103377 135 112 109 255 
-0.350915 -0.0249475 -0.105642 163 76 81 255 
-0.348493 -0.0243557 -0.107155 188 93 98 255 
-0.346053 -0.0237595 -0.108679 169 118 96 255 
-0.342981 -0.0215988 -0.112598 161 169 108 255 
-0.339636 -0.0188611 -0.11741 156 136 98 255 
-0.336655 -0.0171473 -0.120668 108 122 82 255 
-0.333856 -0.0159558 -0.123137 73 76 66 255 
-0.331022 -0.0147494 -0.125635 66 57 54 255 
-0.32791 -0.0129679 -0.129026 62 63 55 255 
-0.325499 -0.0128577 -0.129853 60 50 41 255 
-0.322309 -0.0110422 -0.133314 65 51 39 255 
-0.319598 -0.010353 -0.135046 74 66 56 255 
-0.316592 -0.00907763 -0.13769 102 98 84 255 
-0.421807 -0.00505145 -0.117879 119 141 130 255 
-0.419786 -0.00604083 -0.117029 95 141 138 255 
-0.417831 -0.00757931 -0.115377 79 140 141 255 
-0.415765 -0.00801 -0.115339 74 145 149 255 
-0.413834 -0.00953502 -0.1137 71 151 156 255 
-0.411916 -0.011048 -0.112073 69 154 159 255 
-0.410087 -0.0130818 -0.109675 66 159 165 255 
-0.408202 -0.0145675 -0.108079 68 158 168 255 
-0.40641 -0.0165624 -0.105727 70 153 163 255 
-0.404639 -0.0185352 -0.103401 76 134 144 255 
-0.402973 -0.020992 -0.100352 95 104 110 255 
-0.401243 -0.0229141 -0.0980867 116 88 82 255 
-0.399442 -0.0243215 -0.0965785 137 82 81 255 
-0.397654 -0.0257184 -0.0950814 121 108 87 255 
-0.395781 -0.0266181 -0.0943193 114 126 87 255 
-0.394016 -0.0279993 -0.0928389 144 150 113 255 
-0.39216 -0.0288899 -0.0920851 155 148 112 255 
-0.390204 -0.0292976 -0.0920498 130 132 106 255 
-0.388468 -0.030662 -0.0905857 102 108 93 255 
-0.386632 -0.0315427 -0.0898402 104 100 83 255 
-0.384802 -0.0324212 -0.0890973 115 101 83 255 
-0.382978 -0.0332954 -0.0883572 104 110 92 255 
-0.381161 -0.0341672 -0.0876197 129 134 116 255 
-0.379225 -0.0345713 -0.0875848 151 154 113 255 
-0.377288 -0.0349753 -0.0875498 110 106 93 255 
-0.375352 -0.0353803 -0.0875149 90 38 46 255 
-0.373141 -0.0348553 -0.0888868 146 60 65 255 
-0.370914 -0.0343262 -0.0902688 172 68 84 255 
-0.368524 -0.0333203 -0.0923787 171 130 118 255 
-0.366107 -0.0323042 -0.0945119 155 149 141 255 
-0.363186 -0.0298204 -0.0988864 151 149 137 255 
-0.360532 -0.0282723 -0.101846 149 147 133 255 
-0.35818 -0.027701 -0.103324 146 137 129 255 
-0.355633 -0.026624 -0.10558 136 120 112 255 
-0.353239 -0.0260403 -0.107087 158 80 86 255 
-0.350639 -0.0249431 -0.109387 188 87 85 255 
-0.348202 -0.0243482 -0.110923 197 86 91 255 
-0.345547 -0.0232309 -0.113268 180 97 100 255 
-0.342654 -0.0215747 -0.11645 145 169 124 255 
-0.339284 -0.0188213 -0.121336 118 139 115 255 
-0.336506 -0.017642 -0.123804 104 87 64 255 
-0.333923 -0.0169965 -0.125452 89 86 64 255 
-0.331084 -0.0157943 -0.12797 66 63 57 255 
-0.32821 -0.0145773 -0.130518 51 46 42 255 
-0.32555 -0.0139087 -0.132221 52 44 39 255 
-0.322354 -0.0120995 -0.135708 64 59 49 255 
-0.319637 -0.0114124 -0.137453 77 72 60 255 
-0.316625 -0.0101413 -0.140118 108 100 82 255 
-0.426172 -0.00461396 -0.121031 124 143 125 255 
-0.424181 -0.00616642 -0.119354 96 141 134 255 
-0.422207 -0.00770672 -0.117689 82 143 143 255 
-0.420192 -0.00868854 -0.116843 83 152 153 255 
-0.418185 -0.009666 -0.116001 83 159 157 255 
-0.416185 -0.0106399 -0.115161 69 151 160 255 
-0.414193 -0.0116104 -0.114325 67 156 163 255 
-0.412208 -0.0125764 -0.113492 67 157 166 255 
-0.410304 -0.0140716 -0.111872 64 155 165 255 
-0.408415 -0.015556 -0.110265 65 152 160 255 
-0.406618 -0.01755 -0.107896 66 151 157 255 
-0.404842 -0.0195206 -0.105553 67 147 153 255 
-0.403086 -0.0214692 -0.103237 72 142 143 255 
-0.401437 -0.0238951 -0.100201 84 128 126 255 
-0.399722 -0.0257952 -0.0979451 108 97 100 255 
-0.397933 -0.027186 -0.0964431 131 80 85 255 
-0.396156 -0.0285674 -0.0949522 123 103 84 255 
-0.394393 -0.0299391 -0.0934722 135 133 104 255 
-0.392437 -0.0303469 -0.093437 130 138 113 255 
-0.390587 -0.0312321 -0.0926836 96 119 109 255 
-0.388744 -0.0321142 -0.0919329 65 77 87 255 
-0.386907 -0.032993 -0.091185 99 58 48 255 
-0.385076 -0.0338685 -0.0904398 84 82 70 255 
-0.383252 -0.0347408 -0.0896973 80 118 97 255 
-0.381434 -0.0356097 -0.0889575 128 92 82 255 
-0.379497 -0.0360138 -0.0889226 156 146 98 255 
-0.377561 -0.0364188 -0.0888878 147 150 117 255 
-0.375624 -0.0368229 -0.0888529 123 68 65 255 
-0.373414 -0.0363027 -0.0902298 156 61 68 255 
-0.371188 -0.0357796 -0.0916169 167 76 91 255 
-0.368652 -0.0343107 -0.094457 160 144 132 255 
-0.366231 -0.0332976 -0.0966059 151 146 136 255 
-0.363307 -0.0308205 -0.101012 149 142 132 255 
-0.360648 -0.0292784 -0.103993 147 139 130 255 
-0.358121 -0.0282121 -0.10625 136 122 112 255 
-0.355386 -0.0266285 -0.109311 158 84 85 255 
-0.352977 -0.0260425 -0.11084 187 86 86 255 
-0.35017 -0.0244248 -0.113973 194 85 90 255 
-0.347908 -0.0243402 -0.114735 198 85 88 255 
-0.345235 -0.0232162 -0.117116 179 87 84 255 
-0.342322 -0.0215504 -0.120347 140 141 88 255 
-0.339363 -0.019859 -0.12363 84 89 76 255 
-0.336579 -0.0186838 -0.126116 77 80 62 255 
-0.333991 -0.0180413 -0.127777 71 84 59 255 
-0.331382 -0.0173938 -0.129452 56 51 38 255 
-0.328266 -0.0156303 -0.132882 50 46 34 255 
-0.325602 -0.0149648 -0.134598 63 62 52 255 
-0.322399 -0.0131598 -0.138112 74 71 64 255 
-0.319677 -0.0124769 -0.13987 83 78 69 255 
-0.316659 -0.01121 -0.142556 103 93 80 255 
-0.430535 -0.00360755 -0.125043 140 149 122 255 
-0.428555 -0.00573316 -0.122512 108 140 130 255 
-0.426556 -0.00728216 -0.120829 85 140 138 255 
-0.424572 -0.00881819 -0.119159 84 147 146 255 
-0.422603 -0.0103421 -0.117501 103 156 159 255 
-0.420649 -0.0118551 -0.115857 90 173 170 255 
-0.418595 -0.0122835 -0.11582 75 159 166 255 
-0.416602 -0.0132491 -0.114985 67 155 168 255 
-0.414486 -0.0131417 -0.115746 67 158 168 255 
-0.412501 -0.0141057 -0.114911 72 158 166 255 
-0.410523 -0.0150664 -0.114079 68 152 157 255 
-0.408628 -0.0165486 -0.11246 68 149 154 255 
-0.406748 -0.018021 -0.110854 68 151 155 255 
-0.404964 -0.0199972 -0.108485 70 149 151 255 
-0.4032 -0.0219503 -0.106144 82 151 149 255 
-0.401719 -0.0253776 -0.101576 84 149 136 255 
-0.400003 -0.0272676 -0.099312 80 134 136 255 
-0.398305 -0.029138 -0.0970734 96 110 119 255 
-0.396434 -0.0300302 -0.0963092 121 90 87 255 
-0.394669 -0.0313961 -0.0948243 132 103 90 255 
-0.392917 -0.0327525 -0.0933504 129 119 96 255 
-0.390968 -0.0331598 -0.0933153 112 116 92 255 
-0.389127 -0.0340364 -0.092565 64 68 70 255 
-0.387293 -0.0349096 -0.0918174 84 63 57 255 
-0.385465 -0.0357806 -0.0910725 65 67 64 255 
-0.383525 -0.0361852 -0.0910377 76 110 89 255 
-0.381707 -0.0370522 -0.0902955 144 122 100 255 
-0.379645 -0.0369965 -0.090968 161 160 124 255 
-0.377705 -0.0374012 -0.0909332 157 154 118 255 
-0.375632 -0.0373457 -0.091608 145 76 80 255 
-0.373551 -0.0372897 -0.0922854 166 61 69 255 
-0.371321 -0.0367693 -0.0936826 170 85 97 255 
-0.368781 -0.0353052 -0.0965434 157 151 140 255 
-0.366356 -0.0342958 -0.098708 146 141 130 255 
-0.363427 -0.0318258 -0.103146 150 136 126 255 
-0.360432 -0.0292983 -0.107686 140 117 114 255 
-0.357888 -0.0282259 -0.109977 157 85 89 255 
-0.355136 -0.0266344 -0.113084 188 86 85 255 
-0.352526 -0.0255319 -0.115437 198 83 89 255 
-0.349886 -0.0244169 -0.117818 194 79 86 255 
-0.347413 -0.0238127 -0.119408 186 84 85 255 
-0.344919 -0.023202 -0.12101 163 81 75 255 
-0.342197 -0.0220589 -0.123457 109 97 74 255 
-0.339441 -0.0209008 -0.125933 65 57 49 255 
-0.336652 -0.0197296 -0.128438 64 63 45 255 
-0.334288 -0.0196338 -0.129254 52 52 40 255 
-0.331445 -0.0184455 -0.1318 46 47 35 255 
-0.328567 -0.0172425 -0.134377 62 63 49 255 
-0.325653 -0.016026 -0.136985 84 73 68 255 
-0.322445 -0.0142262 -0.140526 92 104 85 255 
-0.319717 -0.0135453 -0.142298 100 101 88 255 
-0.316965 -0.0128598 -0.144085 111 96 85 255 
-0.432963 -0.00529748 -0.125695 131 147 124 255 
-0.430939 -0.00685334 -0.123993 101 146 133 255 
-0.42893 -0.00839709 -0.122304 87 144 142 255 
-0.426937 -0.00992972 -0.120628 83 153 151 255 
-0.424959 -0.0114493 -0.118965 90 171 161 255 
-0.423045 -0.0134931 -0.116514 92 156 168 255 
-0.4211 -0.0149849 -0.114883 76 163 170 255 
-0.419058 -0.0154121 -0.114846 68 159 171 255 
-0.417076 -0.0163655 -0.114017 85 170 174 255 
-0.414844 -0.0152071 -0.116367 135 193 179 255 
-0.412724 -0.0151034 -0.117132 144 193 180 255 
-0.410742 -0.0160641 -0.116293 117 178 168 255 
-0.408767 -0.01702 -0.115458 81 152 157 255 
-0.406878 -0.0184959 -0.113835 71 148 152 255 
-0.405087 -0.0204776 -0.11144 85 152 144 255 
-0.403316 -0.0224353 -0.109073 135 167 132 255 
-0.401828 -0.02587 -0.104455 113 161 110 255 
-0.400283 -0.0287422 -0.100679 88 150 139 255 
-0.398583 -0.0306038 -0.098433 81 140 138 255 
-0.396807 -0.0319707 -0.0969377 91 125 127 255 
-0.395044 -0.0333271 -0.0954534 113 98 97 255 
-0.393193 -0.0342045 -0.0946978 135 89 87 255 
-0.391348 -0.0350797 -0.0939451 130 115 93 255 
-0.38951 -0.0359517 -0.093195 115 114 92 255 
-0.387567 -0.0363578 -0.0931602 95 91 74 255 
-0.385738 -0.0372258 -0.092413 59 48 66 255 
-0.383799 -0.0376315 -0.0923782 69 95 79 255 
-0.381979 -0.0384957 -0.0916337 148 140 107 255 
-0.379793 -0.0379822 -0.0930211 164 159 124 255 
-0.377849 -0.0383877 -0.0929863 153 142 110 255 
-0.375772 -0.0383339 -0.0936662 154 71 75 255 
-0.373551 -0.037817 -0.0950686 173 63 71 255 
-0.371313 -0.0372971 -0.0964813 169 105 99 255 
-0.368911 -0.0363027 -0.0986376 152 143 135 255 
-0.366329 -0.0348212 -0.101562 148 136 125 255 
-0.363389 -0.0323483 -0.10605 143 117 111 255 
-0.360548 -0.0303135 -0.109862 161 81 88 255 
-0.357827 -0.0287446 -0.112957 189 84 87 255 
-0.354883 -0.0266399 -0.116902 200 86 93 255 
-0.352257 -0.0255314 -0.119291 198 84 86 255 
-0.349599 -0.0244105 -0.121708 186 80 83 255 
-0.34711 -0.0238022 -0.123323 172 69 75 255 
-0.3446 -0.0231885 -0.124951 123 70 62 255 
-0.34207 -0.0225707 -0.126592 75 55 41 255 
-0.33952 -0.0219475 -0.128245 58 44 38 255 
-0.336949 -0.0213201 -0.129912 48 50 54 255 
-0.334357 -0.0206865 -0.131592 44 43 41 255 
-0.331744 -0.020049 -0.133286 67 74 56 255 
-0.328867 -0.0188558 -0.135872 86 80 73 255 
-0.326205 -0.0182042 -0.1376 90 93 92 255 
-0.323007 -0.0164268 -0.141139 99 107 100 255 
-0.320287 -0.0157567 -0.14291 112 107 97 255 
-0.317272 -0.0145105 -0.145615 133 109 91 255 
-0.435356 -0.00642205 -0.127181 126 145 126 255 
-0.433352 -0.00852687 -0.124643 92 141 135 255 
-0.431338 -0.0100614 -0.122955 76 142 142 255 
-0.429302 -0.0110402 -0.122098 78 146 144 255 
-0.427356 -0.0130953 -0.119618 88 154 145 255 
-0.425344 -0.0140605 -0.118774 87 160 152 255 
-0.423482 -0.0166085 -0.115538 74 152 164 255 
-0.421547 -0.0180801 -0.11392 69 158 171 255 
-0.419516 -0.0185041 -0.113884 72 162 171 255 
-0.417485 -0.0189291 -0.113847 98 179 179 255 
-0.415264 -0.0177891 -0.116187 137 206 199 255 
-0.412949 -0.0161061 -0.119361 140 209 202 255 
-0.41089 -0.0165367 -0.119324 115 187 187 255 
-0.40883 -0.0169662 -0.119288 82 154 160 255 
-0.40685 -0.0179251 -0.118444 73 153 152 255 
-0.405045 -0.0199248 -0.116005 87 156 140 255 
-0.403346 -0.0224142 -0.112808 124 162 122 255 
-0.402024 -0.0268628 -0.106594 126 160 121 255 
-0.400385 -0.029245 -0.103539 142 167 125 255 
-0.398862 -0.0320694 -0.0997929 101 154 125 255 
-0.397179 -0.0339033 -0.0975642 76 152 149 255 
-0.395418 -0.0352502 -0.0960803 85 134 131 255 
-0.393669 -0.0365876 -0.0946073 104 100 109 255 
-0.391727 -0.0369936 -0.0945727 132 78 87 255 
-0.389891 -0.0378611 -0.0938229 133 108 86 255 
-0.387951 -0.0382656 -0.0937883 125 123 96 255 
-0.386125 -0.0391291 -0.0930414 98 89 89 255 
-0.384072 -0.0390769 -0.0937191 88 78 92 255 
-0.382132 -0.0394827 -0.0936844 151 151 117 255 
-0.380067 -0.0394306 -0.0943645 159 153 118 255 
-0.377994 -0.0393791 -0.0950471 146 131 103 255 
-0.375781 -0.0388657 -0.0964547 158 63 69 255 
-0.373689 -0.0388128 -0.0971448 176 66 76 255 
-0.371304 -0.0378291 -0.099301 165 120 106 255 
-0.368893 -0.0368343 -0.101481 149 134 124 255 
-0.366455 -0.0358284 -0.103686 144 112 109 255 
-0.36351 -0.0333614 -0.108206 162 80 88 255 
-0.360498 -0.0308382 -0.11283 189 78 88 255 
-0.357591 -0.0287621 -0.116759 201 83 95 255 
-0.354627 -0.026646 -0.120765 200 82 88 255 
-0.351984 -0.0255316 -0.123191 188 82 83 255 
-0.349309 -0.0244038 -0.125645 177 69 73 255 
-0.346803 -0.0237915 -0.127286 155 61 65 255 
-0.344277 -0.0231749 -0.128939 97 46 38 255 
-0.341731 -0.0225531 -0.130605 52 37 30 255 
-0.339382 -0.0224635 -0.131424 50 49 36 255 
-0.337023 -0.0223739 -0.132247 45 45 41 255 
-0.334655 -0.022284 -0.133072 53 53 51 255 
-0.331808 -0.0211098 -0.135647 73 81 76 255 
-0.329168 -0.020469 -0.137367 86 99 91 255 
-0.326258 -0.0192721 -0.139994 98 113 106 255 
-0.323567 -0.0186187 -0.14175 109 116 109 255 
-0.320592 -0.0173976 -0.144431 112 110 106 255 
-0.437832 -0.00976026 -0.125328 126 146 124 255 
-0.435781 -0.010742 -0.124464 89 138 134 255 
-0.433765 -0.0122616 -0.122784 72 137 137 255 
-0.431701 -0.0126931 -0.122747 82 140 132 255 
-0.429708 -0.0142001 -0.121079 112 147 118 255 
-0.427731 -0.015695 -0.119425 135 153 106 255 
-0.425725 -0.0166518 -0.118584 121 148 115 255 
-0.423868 -0.0191706 -0.115362 85 151 145 255 
-0.421938 -0.0206269 -0.113751 71 157 166 255 
-0.419915 -0.0210495 -0.113715 73 155 160 255 
-0.417892 -0.0214731 -0.113679 86 161 165 255 
-0.415619 -0.0198339 -0.116803 96 170 171 255 
-0.41331 -0.01817 -0.119976 96 171 171 255 
-0.411183 -0.0180718 -0.12075 90 163 167 255 
-0.409123 -0.0185025 -0.120713 79 154 157 255 
-0.407063 -0.0189331 -0.120676 75 153 152 255 
-0.405253 -0.0209317 -0.11822 83 148 144 255 
-0.403549 -0.0234179 -0.115 118 155 132 255 
-0.402134 -0.0273641 -0.109509 154 167 117 255 
-0.400578 -0.0302386 -0.105665 140 163 108 255 
-0.399141 -0.0335362 -0.101153 124 161 132 255 
-0.397456 -0.0353622 -0.0989169 131 162 136 255 
-0.39579 -0.0371674 -0.0967053 91 152 143 255 
-0.394043 -0.0384954 -0.0952328 78 137 146 255 
-0.392206 -0.0393587 -0.0944833 99 99 117 255 
-0.39027 -0.0397626 -0.0944488 123 75 83 255 
-0.388334 -0.0401675 -0.0944144 140 87 77 255 
-0.386398 -0.0405725 -0.0943799 125 106 93 255 
-0.384345 -0.0405222 -0.0950602 112 92 96 255 
-0.382285 -0.0404725 -0.0957429 142 128 105 255 
-0.380216 -0.0404232 -0.0964281 149 141 110 255 
-0.378011 -0.0399144 -0.0978408 140 109 92 255 
-0.375923 -0.0398628 -0.0985336 164 61 68 255 
-0.373689 -0.0393492 -0.0999619 178 71 86 255 
-0.371439 -0.0388318 -0.101401 160 126 114 255 
-0.369024 -0.0378416 -0.103597 141 109 107 255 
-0.366428 -0.0363639 -0.106575 161 80 86 255 
-0.363472 -0.033893 -0.111146 187 74 86 255 
-0.360616 -0.0318633 -0.115029 199 81 97 255 
-0.357704 -0.0297931 -0.118986 198 80 88 255 
-0.354735 -0.0276832 -0.123022 194 84 84 255 
-0.352087 -0.0265727 -0.125466 180 73 83 255 
-0.349407 -0.0254489 -0.127939 168 62 70 255 
-0.346897 -0.0248395 -0.129592 119 52 59 255 
-0.344366 -0.0242257 -0.131258 67 35 30 255 
-0.341815 -0.0236078 -0.132937 45 35 29 255 
-0.339461 -0.0235203 -0.133762 42 39 32 255 
-0.337321 -0.0239674 -0.133724 45 40 36 255 
-0.334725 -0.0233446 -0.135423 67 67 58 255 
-0.332107 -0.0227161 -0.137136 96 86 75 255 
-0.329709 -0.0226268 -0.137979 108 108 94 255 
-0.326311 -0.0203442 -0.142398 117 121 107 255 
-0.323871 -0.0202487 -0.143261 121 115 104 255 
-0.320633 -0.0184769 -0.146869 122 109 106 255 
-0.440254 -0.0125081 -0.124324 130 147 122 255 
-0.438229 -0.0140151 -0.12265 91 139 132 255 
-0.436173 -0.0144451 -0.122614 74 136 136 255 
-0.434172 -0.0159386 -0.120953 77 136 131 255 
-0.432123 -0.016367 -0.120917 112 141 109 255 
-0.430074 -0.0167956 -0.12088 163 152 79 255 
-0.428103 -0.0182751 -0.119233 184 156 67 255 
-0.426104 -0.0192235 -0.118396 165 153 84 255 
-0.424296 -0.0222243 -0.114402 113 152 126 255 
-0.422326 -0.0231549 -0.113583 74 155 165 255 
-0.420364 -0.0240811 -0.112768 68 152 160 255 
-0.418238 -0.0234909 -0.114294 71 149 155 255 
-0.416034 -0.0223843 -0.116623 73 151 154 255 
-0.413671 -0.0202258 -0.120589 73 151 155 255 
-0.411548 -0.020133 -0.121362 76 150 155 255 
-0.409416 -0.0200397 -0.122139 74 151 153 255 
-0.407356 -0.0204704 -0.122102 75 151 148 255 
-0.405379 -0.0214228 -0.121253 79 147 143 255 
-0.403753 -0.0244257 -0.117201 97 152 142 255 
-0.402332 -0.0283666 -0.111671 121 158 129 255 
-0.400771 -0.0312371 -0.107799 113 159 132 255 
-0.399329 -0.0345296 -0.103255 125 167 121 255 
-0.397733 -0.0368201 -0.10027 123 157 127 255 
-0.396065 -0.0386186 -0.0980509 83 155 159 255 
-0.394415 -0.0403962 -0.0958562 75 158 165 255 
-0.392581 -0.0412541 -0.095107 139 152 155 255 
-0.390649 -0.0416583 -0.0950727 122 123 123 255 
-0.388608 -0.0416109 -0.0957531 122 74 77 255 
-0.386671 -0.0420159 -0.0957187 131 70 78 255 
-0.384619 -0.0419686 -0.0964015 135 82 76 255 
-0.382558 -0.0419219 -0.0970867 136 102 93 255 
-0.380366 -0.0414198 -0.0984994 135 109 92 255 
-0.378286 -0.0413716 -0.0991922 154 77 74 255 
-0.376066 -0.0408648 -0.10062 176 63 71 255 
-0.373828 -0.040354 -0.102059 181 75 95 255 
-0.371574 -0.0398392 -0.103509 148 99 103 255 
-0.369155 -0.038852 -0.105721 154 77 82 255 
-0.366708 -0.0378547 -0.107958 186 71 84 255 
-0.363915 -0.0358842 -0.111766 198 80 92 255 
-0.360902 -0.0333856 -0.11644 197 82 88 255 
-0.357993 -0.0313304 -0.120412 192 84 88 255 
-0.355026 -0.0292361 -0.124461 193 80 90 255 
-0.352191 -0.0276177 -0.127751 180 71 85 255 
-0.349506 -0.0264989 -0.130242 158 56 66 255 
-0.346991 -0.0258925 -0.131908 99 36 37 255 
-0.344248 -0.0247513 -0.134449 54 35 25 255 
-0.341899 -0.0246668 -0.135278 44 39 27 255 
-0.339759 -0.0251138 -0.13524 38 36 26 255 
-0.337396 -0.02503 -0.136072 49 42 36 255 
-0.334795 -0.0244094 -0.137784 71 71 66 255 
-0.332407 -0.0243234 -0.138626 97 84 86 255 
-0.329528 -0.0231551 -0.14125 116 117 99 255 
-0.326365 -0.0214222 -0.144812 112 122 108 255 
-0.323919 -0.0213288 -0.145682 111 122 106 255 
-0.320676 -0.0195623 -0.149317 139 132 106 255 
-0.440566 -0.0145854 -0.124931 119 145 124 255 
-0.438582 -0.0171384 -0.121635 83 136 132 255 
-0.436537 -0.0175661 -0.121599 71 133 134 255 
-0.434519 -0.0185181 -0.120756 86 134 123 255 
-0.432478 -0.0189451 -0.120719 137 144 90 255 
-0.430437 -0.0193721 -0.120683 187 156 55 255 
-0.428472 -0.0208363 -0.119043 200 157 52 255 
-0.426479 -0.0217764 -0.11821 183 161 73 255 
-0.42463 -0.0242374 -0.115015 125 156 121 255 
-0.422712 -0.0256631 -0.113418 73 157 168 255 
-0.420704 -0.0260838 -0.113382 63 152 163 255 
-0.418583 -0.0255018 -0.114908 65 146 154 255 
-0.416385 -0.0244084 -0.117236 66 148 154 255 
-0.414029 -0.022274 -0.1212 68 148 156 255 
-0.411841 -0.0216662 -0.122786 70 150 154 255 
-0.409635 -0.0210538 -0.124383 71 151 153 255 
-0.40757 -0.0214863 -0.124347 70 151 153 255 
-0.405671 -0.0229572 -0.122676 71 150 151 255 
-0.403957 -0.0254373 -0.11941 75 153 155 255 
-0.402618 -0.0298657 -0.113062 80 155 152 255 
-0.400965 -0.0322395 -0.109942 84 157 154 255 
-0.399518 -0.0355268 -0.105365 92 160 145 255 
-0.397918 -0.0378151 -0.102359 85 158 151 255 
-0.396341 -0.0400696 -0.0993968 74 159 166 255 
-0.394689 -0.0418395 -0.0971948 75 161 172 255 
-0.392854 -0.0426954 -0.0964434 124 175 176 255 
-0.390922 -0.0430996 -0.0964092 93 152 158 255 
-0.388989 -0.0435039 -0.096375 91 127 125 255 
-0.386944 -0.0434593 -0.0970577 104 93 107 255 
-0.384892 -0.043415 -0.0977431 129 57 65 255 
-0.382832 -0.0433712 -0.0984308 135 67 68 255 
-0.380641 -0.042874 -0.0998485 143 69 68 255 
-0.378561 -0.0428288 -0.100544 168 67 69 255 
-0.376341 -0.042327 -0.101977 189 73 69 255 
-0.374105 -0.0418221 -0.103421 188 93 86 255 
-0.371851 -0.0413134 -0.104876 167 72 86 255 
-0.369434 -0.040335 -0.107095 180 68 77 255 
-0.366989 -0.0393455 -0.10934 194 79 94 255 
-0.364357 -0.0378686 -0.112385 196 79 88 255 
-0.361188 -0.034908 -0.117852 193 83 84 255 
-0.358107 -0.0323694 -0.122651 189 85 94 255 
-0.355136 -0.0302801 -0.126731 191 89 104 255 
-0.352295 -0.0286677 -0.130044 186 84 89 255 
-0.349409 -0.0270295 -0.133411 134 54 66 255 
-0.347086 -0.0269494 -0.134233 84 32 29 255 
-0.344337 -0.0258133 -0.136794 58 44 27 255 
-0.341984 -0.0257298 -0.137629 43 38 23 255 
-0.339839 -0.0261786 -0.137591 41 33 23 255 
-0.337472 -0.0260967 -0.138429 59 51 38 255 
-0.335094 -0.0260137 -0.139271 82 77 70 255 
-0.332238 -0.0248585 -0.141894 95 93 101 255 
-0.329588 -0.0242319 -0.143647 105 114 106 255 
-0.326418 -0.0225033 -0.147236 112 123 108 255 
-0.323712 -0.02186 -0.149033 126 123 110 255 
-0.438912 -0.0197081 -0.121435 115 141 125 255 
-0.436875 -0.0201342 -0.121399 87 132 128 255 
-0.434864 -0.0210778 -0.12056 84 130 118 255 
-0.432831 -0.0215033 -0.120524 132 141 88 255 
-0.430797 -0.0219289 -0.120488 186 154 59 255 
-0.428838 -0.0233777 -0.118855 198 156 60 255 
-0.426811 -0.023801 -0.118819 171 157 82 255 
-0.425007 -0.0267421 -0.114844 111 152 130 255 
-0.423094 -0.0281535 -0.113253 71 153 170 255 
-0.421094 -0.0285718 -0.113218 62 147 159 255 
-0.418927 -0.027505 -0.115519 61 145 153 255 
-0.416795 -0.0269282 -0.117056 63 146 154 255 
-0.414452 -0.0248259 -0.121003 65 146 155 255 
-0.412273 -0.0242307 -0.122582 68 149 154 255 
-0.410003 -0.0231132 -0.124991 68 152 155 255 
-0.408021 -0.0240605 -0.124136 67 152 157 255 
-0.406046 -0.0250043 -0.123285 67 152 156 255 
-0.404332 -0.027465 -0.120021 67 154 159 255 
-0.402903 -0.0313658 -0.114454 67 157 162 255 
-0.401248 -0.0337278 -0.111323 68 157 163 255 
-0.399798 -0.0369994 -0.106731 71 158 164 255 
-0.398195 -0.039276 -0.103715 69 160 167 255 
-0.396616 -0.0415207 -0.100743 69 161 169 255 
-0.394963 -0.0432827 -0.0985337 70 161 169 255 
-0.393127 -0.0441357 -0.0977799 82 162 167 255 
-0.391195 -0.04454 -0.0977458 75 152 158 255 
-0.389154 -0.0444985 -0.0984312 81 158 156 255 
-0.387218 -0.0449036 -0.098397 89 150 154 255 
-0.385166 -0.0448623 -0.0990849 110 72 91 255 
-0.383106 -0.0448206 -0.0997752 133 53 56 255 
-0.380916 -0.0443293 -0.101198 154 60 61 255 
-0.378837 -0.0442872 -0.101896 176 70 76 255 
-0.376617 -0.0437902 -0.103334 176 67 80 255 
-0.374518 -0.0437468 -0.10404 175 100 82 255 
-0.372129 -0.0427875 -0.106243 187 74 89 255 
-0.369713 -0.0418179 -0.10847 191 70 78 255 
-0.367269 -0.0408365 -0.110723 192 77 90 255 
-0.364481 -0.0388954 -0.114558 194 80 87 255 
-0.361307 -0.035944 -0.120065 191 84 89 255 
-0.358221 -0.0334123 -0.1249 192 109 102 255 
-0.355245 -0.0313291 -0.129009 192 110 103 255 
-0.3524 -0.0297227 -0.132348 188 92 86 255 
-0.349706 -0.028611 -0.134877 116 63 67 255 
-0.347181 -0.0280114 -0.136567 68 38 29 255 
-0.344636 -0.0274077 -0.138271 60 48 28 255 
-0.342283 -0.0273281 -0.13911 45 34 24 255 
-0.33992 -0.0272484 -0.139951 45 31 25 255 
-0.337548 -0.0271675 -0.140796 68 57 46 255 
-0.335166 -0.0270875 -0.141645 95 82 71 255 
-0.332304 -0.0259364 -0.144287 97 101 97 255 
-0.329649 -0.0253127 -0.146054 107 113 105 255 
-0.326473 -0.0235903 -0.14967 117 112 111 255 
-0.32376 -0.0229493 -0.151481 150 130 114 255 
-0.437168 -0.0216553 -0.12281 127 137 119 255 
-0.435181 -0.0231074 -0.121165 96 127 117 255 
-0.433152 -0.0235322 -0.12113 110 129 101 255 
-0.431122 -0.023957 -0.121094 148 144 86 255 
-0.429201 -0.0258993 -0.118668 153 150 92 255 
-0.427182 -0.0263221 -0.118633 124 145 115 255 
-0.425338 -0.0287354 -0.115453 80 141 144 255 
-0.423474 -0.0306251 -0.11309 66 143 156 255 
-0.421481 -0.031043 -0.113055 61 142 152 255 
-0.419379 -0.0304841 -0.114568 60 143 150 255 
-0.41726 -0.029922 -0.116093 63 144 152 255 
-0.414871 -0.0273583 -0.120808 65 146 152 255 
-0.412703 -0.0267753 -0.12238 65 147 154 255 
-0.410589 -0.0266958 -0.123152 65 150 155 255 
-0.408544 -0.0271236 -0.123116 67 151 156 255 
-0.406579 -0.0280563 -0.122272 67 153 156 255 
-0.404788 -0.029983 -0.11983 66 154 160 255 
-0.403274 -0.0333524 -0.115064 66 156 163 255 
-0.401619 -0.0356951 -0.111935 66 157 166 255 
-0.400167 -0.0389385 -0.107345 66 158 168 255 
-0.398565 -0.0411978 -0.10433 65 159 170 255 
-0.396892 -0.0429717 -0.102089 65 161 170 255 
-0.395237 -0.0447269 -0.0998729 64 159 165 255 
-0.393301 -0.0451319 -0.0998388 66 153 159 255 
-0.391364 -0.0455368 -0.0998047 72 153 155 255 
-0.389428 -0.0459419 -0.0997706 79 159 160 255 
-0.387491 -0.046348 -0.0997365 80 166 175 255 
-0.385325 -0.0458633 -0.101154 93 104 133 255 
-0.383262 -0.0458243 -0.10185 139 54 59 255 
-0.38119 -0.0457847 -0.102548 166 66 70 255 
-0.378984 -0.0452953 -0.103986 178 75 88 255 
-0.376762 -0.044802 -0.105434 163 75 106 255 
-0.374659 -0.0447604 -0.106146 162 70 67 255 
-0.372407 -0.0442626 -0.10761 176 63 71 255 
-0.369846 -0.0428392 -0.110608 180 63 71 255 
-0.36755 -0.0423283 -0.112106 184 75 83 255 
-0.364764 -0.0404011 -0.115954 191 83 87 255 
-0.361427 -0.0369839 -0.122287 186 82 92 255 
-0.358685 -0.0354516 -0.125509 189 94 97 255 
-0.355719 -0.0333928 -0.129616 190 96 93 255 
-0.352695 -0.0312943 -0.133805 186 87 84 255 
-0.350002 -0.0301925 -0.136343 117 75 77 255 
-0.347478 -0.0295999 -0.13804 70 48 35 255 
-0.344934 -0.0290021 -0.13975 67 58 42 255 
-0.342582 -0.0289253 -0.140591 58 45 31 255 
-0.340219 -0.0288497 -0.141436 53 43 30 255 
-0.337847 -0.0287728 -0.142284 72 64 51 255 
-0.335237 -0.0281662 -0.144028 93 85 72 255 
-0.332369 -0.0270181 -0.146691 94 105 95 255 
-0.329709 -0.0263985 -0.148471 109 105 101 255 
-0.326275 -0.0241329 -0.153045 134 118 107 255 
-0.435498 -0.0251299 -0.121769 118 126 110 255 
-0.433443 -0.0250483 -0.122536 93 118 109 255 
-0.431477 -0.0264821 -0.120899 92 128 114 255 
-0.429562 -0.0284031 -0.118483 88 133 121 255 
-0.427551 -0.0288244 -0.118448 72 132 136 255 
-0.42571 -0.0312095 -0.115281 58 132 143 255 
-0.423805 -0.032597 -0.113699 58 137 144 255 
-0.421815 -0.0330132 -0.113664 60 140 147 255 
-0.419718 -0.0324635 -0.115176 60 143 148 255 
-0.41772 -0.0328822 -0.115141 61 144 150 255 
-0.415413 -0.0308597 -0.119026 63 145 153 255 
-0.413263 -0.0302946 -0.120579 62 147 155 255 
-0.411166 -0.0302233 -0.121342 63 149 155 255 
-0.409137 -0.030648 -0.121307 66 149 156 255 
-0.407185 -0.0315669 -0.120472 66 151 158 255 
-0.405405 -0.0334601 -0.118059 65 153 160 255 
-0.403728 -0.035811 -0.114896 65 155 162 255 
-0.401989 -0.0376556 -0.112545 65 156 166 255 
-0.400447 -0.0404092 -0.108709 64 158 168 255 
-0.398842 -0.0426567 -0.105684 63 158 169 255 
-0.397074 -0.0439724 -0.104171 65 159 168 255 
-0.395414 -0.0457254 -0.101939 67 158 164 255 
-0.393475 -0.046132 -0.101905 74 154 161 255 
-0.391535 -0.0465377 -0.101871 73 154 162 255 
-0.389595 -0.0469443 -0.101837 77 162 168 255 
-0.387654 -0.0473502 -0.101803 78 169 182 255 
-0.385484 -0.0468693 -0.103231 85 128 158 255 
-0.383417 -0.0468308 -0.103932 150 62 68 255 
-0.381343 -0.046794 -0.104635 185 111 95 255 
-0.379133 -0.0463074 -0.106083 188 100 104 255 
-0.376906 -0.0458169 -0.107543 181 80 90 255 
-0.3748 -0.045777 -0.108259 166 62 66 255 
-0.372403 -0.0448262 -0.110494 157 56 63 255 
-0.369979 -0.0438643 -0.112754 164 58 67 255 
-0.367679 -0.0433562 -0.114263 178 75 78 255 
-0.36489 -0.041436 -0.118139 188 86 90 255 
-0.361714 -0.0385132 -0.123705 186 80 95 255 
-0.358975 -0.0369926 -0.126938 187 83 91 255 
-0.355831 -0.0344487 -0.131901 188 85 87 255 
-0.35299 -0.0328669 -0.135263 184 85 84 255 
-0.350298 -0.031775 -0.13781 114 68 75 255 
-0.347574 -0.0306697 -0.140387 74 59 48 255 
-0.345025 -0.0300749 -0.14211 74 67 56 255 
-0.342455 -0.0294759 -0.143847 70 62 51 255 
-0.340083 -0.0294 -0.144702 70 61 50 255 
-0.337701 -0.0293241 -0.14556 78 71 61 255 
-0.335079 -0.0287175 -0.147325 87 82 73 255 
-0.332199 -0.0275689 -0.150019 100 98 88 255 
-0.329527 -0.0269486 -0.151821 126 113 99 255 
-0.435765 -0.0261387 -0.123979 133 126 101 255 
-0.43379 -0.027569 -0.122336 100 112 102 255 
-0.431799 -0.0284915 -0.121501 74 117 117 255 
-0.429885 -0.0303978 -0.119087 61 122 127 255 
-0.427878 -0.0308185 -0.119052 56 123 131 255 
-0.425996 -0.0327003 -0.116665 55 129 136 255 
-0.42409 -0.0340819 -0.115077 58 135 143 255 
-0.422149 -0.0349775 -0.11427 60 140 145 255 
-0.42011 -0.0349155 -0.115007 61 141 145 255 
-0.418176 -0.0358097 -0.1142 61 142 148 255 
-0.415946 -0.0343099 -0.117271 64 148 155 255 
-0.413879 -0.034247 -0.118019 62 150 157 255 
-0.411735 -0.0336982 -0.11956 60 148 156 255 
-0.409939 -0.035568 -0.117166 63 149 156 255 
-0.407936 -0.0359877 -0.117131 65 149 158 255 
-0.406011 -0.0368841 -0.116315 64 151 161 255 
-0.404178 -0.038252 -0.114728 62 155 163 255 
-0.402357 -0.0396081 -0.113154 63 155 166 255 
-0.400814 -0.0423385 -0.109319 64 158 167 255 
-0.39912 -0.0441165 -0.107038 63 157 166 255 
-0.39735 -0.0454274 -0.105521 70 154 164 255 
-0.395593 -0.0467287 -0.104014 82 158 166 255 
-0.39365 -0.047136 -0.10398 81 167 172 255 
-0.391706 -0.0475424 -0.103946 71 160 171 255 
-0.389762 -0.0479498 -0.103912 75 167 179 255 
-0.387818 -0.0483565 -0.103878 78 170 186 255 
-0.385644 -0.0478782 -0.105316 87 140 168 255 
-0.383574 -0.0478424 -0.106022 172 75 79 255 
-0.381496 -0.0478073 -0.10673 201 107 109 255 
-0.379154 -0.0468734 -0.10894 196 93 103 255 
-0.37692 -0.0463844 -0.110416 187 76 81 255 
-0.374805 -0.0463451 -0.11114 179 72 76 255 
-0.372399 -0.0453941 -0.1134 168 72 76 255 
-0.369966 -0.0444319 -0.115684 174 74 75 255 
-0.367657 -0.0439245 -0.11721 184 80 80 255 
-0.364697 -0.0415277 -0.121929 192 97 98 255 
-0.361332 -0.0381014 -0.128404 185 84 106 255 
-0.358743 -0.0370612 -0.130861 187 87 88 255 
-0.35576 -0.0350068 -0.135046 186 86 84 255 
-0.352717 -0.0329118 -0.139314 159 83 81 255 
-0.350205 -0.0323303 -0.141022 104 68 70 255 
-0.347469 -0.0312244 -0.143629 78 69 60 255 
-0.344909 -0.0306295 -0.145373 90 81 66 255 
-0.342328 -0.0300305 -0.14713 98 87 72 255 
-0.339945 -0.0299556 -0.147995 109 97 77 255 
-0.337554 -0.0298815 -0.148863 114 101 81 255 
-0.33492 -0.0292742 -0.150649 118 106 85 255 
-0.332027 -0.028125 -0.153375 133 119 97 255 
-0.438027 -0.0257113 -0.127864 148 138 106 255 
-0.436056 -0.0276549 -0.125386 142 129 100 255 
-0.434081 -0.0290794 -0.123737 121 111 96 255 
-0.43212 -0.0304929 -0.122102 89 110 107 255 
-0.430207 -0.0323846 -0.119689 65 121 123 255 
-0.428241 -0.0332891 -0.118867 57 126 130 255 
-0.426323 -0.0346719 -0.117268 58 130 137 255 
-0.424419 -0.036044 -0.115681 60 134 140 255 
-0.422481 -0.0369339 -0.114874 61 136 141 255 
-0.420446 -0.0368763 -0.115611 63 137 142 255 
-0.418571 -0.0382357 -0.114036 65 142 148 255 
-0.416532 -0.0381799 -0.11477 65 149 157 255 
-0.414485 -0.0381254 -0.115507 60 145 159 255 
-0.41243 -0.0380695 -0.116247 59 146 153 255 
-0.410509 -0.0389571 -0.115438 62 148 154 255 
-0.40852 -0.0393741 -0.115403 63 148 156 255 
-0.40661 -0.0402578 -0.114597 63 151 159 255 
-0.404706 -0.0411392 -0.113794 61 155 163 255 
-0.402893 -0.0424774 -0.112232 62 155 166 255 
-0.401093 -0.0438072 -0.110681 63 157 166 255 
-0.399307 -0.0451263 -0.109141 63 154 164 255 
-0.397533 -0.0464349 -0.107613 73 158 161 255 
-0.395676 -0.0472911 -0.106836 99 180 168 255 
-0.393725 -0.0476998 -0.106802 81 168 169 255 
-0.391774 -0.0481076 -0.106768 71 166 178 255 
-0.38993 -0.0489592 -0.105994 73 170 185 255 
-0.387982 -0.0493665 -0.10596 77 171 189 255 
-0.385805 -0.048892 -0.107409 96 143 169 255 
-0.383731 -0.048858 -0.10812 187 91 91 255 
-0.381526 -0.0483787 -0.109584 200 91 119 255 
-0.379176 -0.0474455 -0.111818 195 79 94 255 
-0.376933 -0.0469561 -0.11331 186 74 83 255 
-0.374673 -0.0464629 -0.114813 186 78 82 255 
-0.372252 -0.0455064 -0.117106 184 86 84 255 
-0.369656 -0.0440746 -0.120216 188 85 82 255 
-0.367174 -0.0430923 -0.12257 189 78 82 255 
-0.364503 -0.0416218 -0.125763 193 91 92 255 
-0.361115 -0.0381765 -0.132336 184 88 97 255 
-0.358509 -0.0371313 -0.134831 186 88 85 255 
-0.355506 -0.0350654 -0.13908 165 88 80 255 
-0.352634 -0.0334724 -0.142532 129 92 81 255 
-0.35011 -0.032891 -0.144261 93 75 80 255 
-0.347363 -0.0317832 -0.146898 93 81 68 255 
-0.344792 -0.0311893 -0.148662 113 99 78 255 
-0.440285 -0.0242482 -0.133464 138 119 99 255 
-0.438282 -0.0262195 -0.130929 132 125 100 255 
-0.436302 -0.0281679 -0.128424 146 141 100 255 
-0.434344 -0.0300939 -0.125947 138 122 94 255 
-0.432409 -0.0319983 -0.123498 112 107 97 255 
-0.430495 -0.0338814 -0.121077 81 113 113 255 
-0.428565 -0.0352644 -0.119467 63 126 129 255 
-0.426649 -0.0366366 -0.117869 59 130 135 255 
-0.424792 -0.0384692 -0.115511 59 132 137 255 
-0.42286 -0.0393518 -0.114708 59 132 137 255 
-0.420833 -0.0392986 -0.115442 64 136 140 255 
-0.418963 -0.0406439 -0.113874 71 142 150 255 
-0.41699 -0.0410569 -0.113839 63 134 154 255 
-0.414955 -0.0410072 -0.114571 56 136 150 255 
-0.412978 -0.041422 -0.114536 58 144 149 255 
-0.411001 -0.0418358 -0.114502 60 146 152 255 
-0.409024 -0.0422497 -0.114467 61 146 155 255 
-0.407199 -0.0435822 -0.112905 60 151 158 255 
-0.405228 -0.0439949 -0.112871 61 155 161 255 
-0.40334 -0.0448629 -0.112077 62 156 163 255 
-0.401459 -0.0457277 -0.111286 61 156 162 255 
-0.399585 -0.0465891 -0.110499 64 152 161 255 
-0.397717 -0.0474473 -0.109714 91 158 161 255 
-0.395856 -0.0483023 -0.108931 95 169 165 255 
-0.394001 -0.0491548 -0.108152 79 161 158 255 
-0.39205 -0.0495637 -0.108118 71 170 181 255 
-0.390099 -0.0499726 -0.108084 71 171 187 255 
-0.388147 -0.0503815 -0.10805 77 170 190 255 
-0.385967 -0.0499087 -0.109509 109 141 170 255 
-0.383889 -0.0498775 -0.110226 189 96 96 255 
-0.38168 -0.0494008 -0.111701 195 88 107 255 
-0.379198 -0.0480206 -0.114718 192 79 87 255 
-0.376813 -0.0470768 -0.117002 189 78 83 255 
-0.374539 -0.0465821 -0.118527 188 82 86 255 
-0.37196 -0.0451581 -0.121648 188 85 87 255 
-0.369491 -0.0441814 -0.124011 191 82 83 255 
-0.366994 -0.0431947 -0.126401 190 73 83 255 
-0.364306 -0.0417164 -0.129642 189 83 84 255 
-0.361066 -0.0387467 -0.135464 184 86 83 255 
-0.358272 -0.0372019 -0.138847 167 86 81 255 
-0.355434 -0.0356321 -0.142285 129 77 75 255 
-0.352549 -0.0340373 -0.145777 104 86 81 255 
-0.349817 -0.0329378 -0.148424 97 82 81 255 
-0.347256 -0.0323482 -0.150194 113 98 79 255 
-0.440536 -0.024237 -0.137429 118 104 88 255 
-0.43852 -0.0262198 -0.134857 126 118 93 255 
-0.43655 -0.0286847 -0.131485 149 142 101 255 
-0.434635 -0.0316072 -0.127352 148 132 98 255 
-0.432698 -0.0335038 -0.124895 135 116 94 255 
-0.430782 -0.035378 -0.122467 109 106 98 255 
-0.428888 -0.0372318 -0.120065 79 114 115 255 
-0.426974 -0.0385944 -0.118468 64 124 129 255 
-0.425075 -0.0399473 -0.116882 59 128 133 255 
-0.423189 -0.0412894 -0.115309 58 128 133 255 
-0.421217 -0.0417033 -0.115274 64 133 136 255 
-0.419352 -0.0430343 -0.113712 69 136 145 255 
-0.417443 -0.0439023 -0.112919 60 124 143 255 
-0.415481 -0.0443133 -0.112885 57 135 141 255 
-0.413519 -0.0447242 -0.112851 58 142 147 255 
-0.411556 -0.0451363 -0.112817 59 145 149 255 
-0.409664 -0.045998 -0.112026 60 146 152 255 
-0.407705 -0.0464085 -0.111992 63 150 154 255 
-0.405745 -0.0468201 -0.111958 72 155 153 255 
-0.403784 -0.0472307 -0.111924 70 156 152 255 
-0.401909 -0.0480882 -0.111137 64 153 156 255 
-0.399952 -0.0484982 -0.111103 66 152 160 255 
-0.397994 -0.0489082 -0.111069 93 156 163 255 
-0.396133 -0.0497612 -0.110284 79 152 160 255 
-0.394178 -0.0501708 -0.11025 74 163 165 255 
-0.392223 -0.0505803 -0.110216 70 172 183 255 
-0.390268 -0.0509898 -0.110182 71 172 188 255 
-0.388313 -0.0513995 -0.110148 78 170 191 255 
-0.386129 -0.0509304 -0.111618 128 135 170 255 
-0.384047 -0.0508999 -0.112339 187 90 98 255 
-0.381835 -0.0504271 -0.113825 193 83 89 255 
-0.37922 -0.0486007 -0.11764 191 80 84 255 
-0.376691 -0.0471998 -0.120736 190 82 83 255 
-0.374264 -0.0462415 -0.12308 190 83 85 255 
-0.371809 -0.0452713 -0.125451 188 83 86 255 
-0.369325 -0.0442904 -0.12785 189 80 84 255 
-0.366179 -0.0413784 -0.133602 188 77 85 255 
-0.363779 -0.0408437 -0.135249 186 85 85 255 
-0.360845 -0.0388267 -0.139477 165 83 81 255 
-0.358211 -0.0377746 -0.142039 131 73 78 255 
-0.355175 -0.0356955 -0.146403 99 72 79 255 
-0.352464 -0.0346074 -0.149048 96 80 77 255 
-0.349919 -0.0340259 -0.150817 114 96 80 255 
-0.440805 -0.0247476 -0.14058 100 93 83 255 
-0.438798 -0.027249 -0.137131 120 113 89 255 
-0.436799 -0.0292062 -0.134571 147 139 100 255 
-0.434901 -0.0326296 -0.129573 151 136 100 255 
-0.432958 -0.0345231 -0.127099 148 132 100 255 
-0.43107 -0.0368746 -0.123856 134 119 95 255 
-0.429209 -0.0391912 -0.120661 106 107 97 255 
-0.427298 -0.0405453 -0.119065 80 111 113 255 
-0.425443 -0.0423489 -0.116709 65 122 126 255 
-0.423517 -0.0432212 -0.115907 60 125 129 255 
-0.421647 -0.044545 -0.114346 59 127 131 255 
-0.419791 -0.0458582 -0.112796 59 131 134 255 
-0.417836 -0.0462687 -0.112762 56 129 136 255 
-0.41594 -0.047125 -0.111975 60 139 144 255 
-0.413989 -0.047535 -0.111941 60 142 148 255 
-0.412103 -0.0483885 -0.111157 60 142 147 255 
-0.410154 -0.0487969 -0.111123 67 143 144 255 
-0.408205 -0.0492052 -0.111089 91 149 133 255 
-0.406256 -0.0496139 -0.111055 118 155 124 255 
-0.404306 -0.0500223 -0.111022 111 153 124 255 
-0.402356 -0.050431 -0.110988 80 152 144 255 
-0.400406 -0.0508397 -0.110954 72 159 162 255 
-0.398455 -0.0512484 -0.11092 75 161 165 255 
-0.396504 -0.0516572 -0.110887 69 161 164 255 
-0.394553 -0.052066 -0.110853 70 167 177 255 
-0.392602 -0.0524759 -0.110819 70 171 185 255 
-0.39065 -0.0528848 -0.110785 72 173 189 255 
-0.388589 -0.0528586 -0.111502 83 172 188 255 
-0.38652 -0.0528328 -0.112221 145 126 160 255 
-0.384087 -0.0514857 -0.115225 187 85 94 255 
-0.381867 -0.0510125 -0.116727 190 80 86 255 
-0.379113 -0.0487322 -0.12137 189 81 83 255 
-0.376568 -0.0473249 -0.124513 190 85 83 255 
-0.373985 -0.0458947 -0.127703 190 84 83 255 
-0.371213 -0.0439701 -0.131769 187 83 85 255 
-0.368697 -0.0429697 -0.134232 186 78 84 255 
-0.365667 -0.0404966 -0.139281 185 83 86 255 
-0.363408 -0.040445 -0.140104 163 82 79 255 
-0.360448 -0.0384087 -0.144414 130 72 76 255 
-0.35779 -0.0373468 -0.147026 99 67 84 255 
-0.354913 -0.0357598 -0.150571 94 80 80 255 
-0.352378 -0.0351825 -0.152346 113 97 79 255 
-0.441076 -0.0252629 -0.143756 93 85 78 255 
-0.439041 -0.0272556 -0.141127 114 101 82 255 
-0.437073 -0.0302381 -0.136836 144 133 98 255 
-0.435142 -0.0331627 -0.132628 149 135 101 255 
-0.433219 -0.0355473 -0.129312 149 136 101 255 
-0.431357 -0.0383722 -0.125246 146 135 101 255 
-0.429495 -0.0406781 -0.122041 135 119 94 255 
-0.427621 -0.0424883 -0.11966 110 104 95 255 
-0.425726 -0.043822 -0.118076 84 109 111 255 
-0.423844 -0.045146 -0.116504 68 120 123 255 
-0.422025 -0.0469081 -0.114184 59 124 127 255 
-0.420122 -0.0477648 -0.113394 55 126 130 255 
-0.418226 -0.0486172 -0.112607 57 131 137 255 
-0.416395 -0.0499072 -0.111075 67 141 145 255 
-0.414515 -0.0507513 -0.110297 78 148 150 255 
-0.412577 -0.0511576 -0.110263 73 148 145 255 
-0.410707 -0.0519989 -0.109487 89 140 123 255 
-0.408772 -0.0524047 -0.109454 146 156 93 255 
-0.406761 -0.052377 -0.110163 181 161 80 255 
-0.404822 -0.0527836 -0.110129 169 155 87 255 
-0.402799 -0.0527571 -0.110841 118 156 124 255 
-0.400856 -0.0531644 -0.110807 81 166 167 255 
-0.398822 -0.0531391 -0.111521 65 162 169 255 
-0.396969 -0.0539802 -0.11074 66 164 171 255 
-0.395025 -0.0543878 -0.110707 70 167 177 255 
-0.392979 -0.0543647 -0.11142 71 172 186 255 
-0.391031 -0.054773 -0.111387 73 174 191 255 
-0.388865 -0.0543178 -0.112855 92 172 184 255 
-0.386683 -0.0538596 -0.114335 156 109 136 255 
-0.384247 -0.0525181 -0.117361 187 81 84 255 
-0.381899 -0.0516039 -0.119651 186 81 85 255 
-0.379135 -0.0493214 -0.124345 181 80 84 255 
-0.376444 -0.0474505 -0.128333 170 82 82 255 
-0.373702 -0.0455446 -0.132397 170 78 80 255 
-0.370603 -0.0426386 -0.138234 178 75 82 255 
-0.368054 -0.0416193 -0.140764 183 80 84 255 
-0.36531 -0.0400945 -0.144197 161 79 82 255 
-0.362693 -0.0390463 -0.146797 124 74 70 255 
-0.360044 -0.0379849 -0.14943 101 66 74 255 
-0.357545 -0.0374201 -0.15119 94 79 83 255 
-0.354838 -0.0363393 -0.153875 113 95 78 255 
-0.44135 -0.0257829 -0.146958 96 85 74 255 
-0.439322 -0.0282954 -0.143432 108 88 71 255 
-0.437326 -0.0307692 -0.139961 137 122 89 255 
-0.43541 -0.0341938 -0.134872 146 132 98 255 
-0.433482 -0.0365754 -0.131533 149 134 99 255 
-0.431613 -0.0393964 -0.127438 149 138 101 255 
-0.429745 -0.0416993 -0.124211 147 134 100 255 
-0.427866 -0.0435072 -0.121814 139 121 95 255 
-0.425967 -0.0448398 -0.120219 116 105 96 255 
-0.424125 -0.0466134 -0.117866 89 106 108 255 
-0.422256 -0.0479227 -0.116301 68 121 121 255 
-0.420401 -0.0492214 -0.114747 58 127 130 255 
-0.418558 -0.0505114 -0.113204 58 131 135 255 
-0.416729 -0.0517918 -0.111673 70 138 143 255 
-0.414852 -0.0526315 -0.110894 96 154 151 255 
-0.412918 -0.0530372 -0.110861 95 162 145 255 
-0.411118 -0.0543018 -0.109346 120 144 102 255 
-0.40919 -0.0547062 -0.109313 186 166 59 255 
-0.407261 -0.0551107 -0.10928 206 165 54 255 
-0.405254 -0.0550894 -0.109986 201 168 64 255 
-0.40324 -0.0550675 -0.110695 155 159 104 255 
-0.401218 -0.055045 -0.111406 87 163 168 255 
-0.399188 -0.0550228 -0.11212 61 164 177 255 
-0.397337 -0.0558586 -0.111339 65 165 175 255 
-0.3953 -0.0558389 -0.112053 72 169 181 255 
-0.393255 -0.0558188 -0.112769 72 173 189 255 
-0.391306 -0.0562271 -0.112735 79 175 196 255 
-0.389032 -0.0553465 -0.114967 104 171 184 255 
-0.386847 -0.054891 -0.116457 166 92 108 255 
-0.384289 -0.0531139 -0.120282 188 88 90 255 
-0.381932 -0.0521994 -0.122598 173 73 77 255 
-0.379026 -0.0494593 -0.12815 149 64 72 255 
-0.376319 -0.0475792 -0.132197 123 63 61 255 
-0.373559 -0.0456625 -0.136322 123 64 63 255 
-0.370287 -0.0422542 -0.143113 140 60 69 255 
-0.367715 -0.0412258 -0.145692 152 72 75 255 
-0.364947 -0.0396853 -0.149191 118 77 73 255 
-0.362306 -0.0386262 -0.151843 95 72 68 255 
-0.359812 -0.0380627 -0.153616 91 80 76 255 
-0.357297 -0.0374959 -0.155404 110 94 79 255 
-0.441652 -0.027351 -0.148414 103 90 76 255 
-0.439605 -0.0293398 -0.145747 92 75 64 255 
-0.437623 -0.0323128 -0.141394 118 104 78 255 
-0.43568 -0.0352297 -0.137126 141 127 93 255 
-0.433745 -0.0376073 -0.133763 148 133 97 255 
-0.431839 -0.0399499 -0.130451 147 136 100 255 
-0.429962 -0.0422575 -0.127189 146 137 103 255 
-0.428112 -0.0445293 -0.123976 149 139 104 255 
-0.426208 -0.0458607 -0.12237 143 127 100 255 
-0.424362 -0.047633 -0.120001 120 103 93 255 
-0.422489 -0.0489402 -0.118425 91 97 98 255 
-0.420629 -0.0502387 -0.11686 70 115 119 255 
-0.418782 -0.0515276 -0.115307 60 126 132 255 
-0.416949 -0.0528068 -0.113765 62 132 138 255 
-0.415128 -0.0540763 -0.112235 73 139 144 255 
-0.413257 -0.0549107 -0.111457 87 149 139 255 
-0.411459 -0.0561669 -0.109943 126 143 99 255 
-0.409534 -0.0565697 -0.10991 190 165 59 255 
-0.407609 -0.0569736 -0.109877 205 164 56 255 
-0.405683 -0.0573775 -0.109844 200 169 69 255 
-0.403677 -0.0573602 -0.11055 154 163 112 255 
-0.401578 -0.0569187 -0.112003 89 166 174 255 
-0.399641 -0.0573257 -0.111969 62 163 180 255 
-0.397612 -0.0573076 -0.112683 68 165 182 255 
-0.395575 -0.0572901 -0.113399 81 172 191 255 
-0.39353 -0.0572729 -0.114118 76 173 192 255 
-0.391374 -0.0568272 -0.115597 91 176 198 255 
-0.389091 -0.0559462 -0.117852 124 160 178 255 
-0.386898 -0.0554921 -0.119359 177 103 103 255 
-0.38433 -0.0537138 -0.123225 181 120 116 255 
-0.381965 -0.0527998 -0.125566 140 54 63 255 
-0.379048 -0.0500567 -0.131179 98 50 53 255 
-0.376192 -0.0477084 -0.136106 81 49 40 255 
-0.373414 -0.0457827 -0.140294 85 58 48 255 
-0.369966 -0.0418655 -0.148069 95 59 57 255 
-0.367371 -0.0408251 -0.150698 96 57 60 255 
-0.364578 -0.03927 -0.154266 90 78 67 255 
-0.362088 -0.0387088 -0.156053 90 79 73 255 
-0.359577 -0.0381431 -0.157854 110 95 79 255 
-0.441954 -0.0289192 -0.149869 116 105 81 255 
-0.439905 -0.0308992 -0.147194 83 80 65 255 
-0.4379 -0.0333574 -0.143687 98 88 64 255 
-0.43595 -0.0362695 -0.139388 130 115 81 255 
-0.434009 -0.0386442 -0.136002 144 130 95 255 
-0.432098 -0.0409837 -0.132667 145 131 99 255 
-0.430181 -0.0428195 -0.13019 146 134 101 255 
-0.428323 -0.045097 -0.126942 149 139 101 255 
-0.42641 -0.046431 -0.12532 149 140 101 255 
-0.424556 -0.0482069 -0.122925 125 111 89 255 
-0.422722 -0.0499626 -0.120557 96 71 70 255 
-0.420857 -0.0512589 -0.118982 89 83 84 255 
-0.419006 -0.0525465 -0.117418 76 107 114 255 
-0.417225 -0.0542566 -0.115111 65 126 128 255 
-0.415464 -0.0559476 -0.112829 59 129 134 255 
-0.413595 -0.0567774 -0.112051 70 128 126 255 
-0.411799 -0.058024 -0.110538 108 136 104 255 
-0.409878 -0.0584272 -0.110505 170 157 77 255 
-0.408029 -0.0592483 -0.109736 185 166 74 255 
-0.40611 -0.0596508 -0.109704 171 163 93 255 
-0.404031 -0.0592197 -0.111145 119 161 143 255 
-0.402021 -0.0592062 -0.111854 81 166 187 255 
-0.399916 -0.0587719 -0.113311 69 160 177 255 
-0.397979 -0.0591781 -0.113278 90 170 187 255 
-0.39585 -0.0587422 -0.114746 107 188 201 255 
-0.393706 -0.0583022 -0.116224 85 173 195 255 
-0.391546 -0.0578602 -0.117714 101 180 192 255 
-0.38926 -0.0569839 -0.119985 151 145 162 255 
-0.386949 -0.0560973 -0.122282 183 144 130 255 
-0.384372 -0.0543186 -0.126191 149 135 129 255 
-0.381998 -0.0534043 -0.128558 99 40 51 255 
-0.37907 -0.0506592 -0.134232 72 58 47 255 
-0.376342 -0.0487771 -0.13837 66 60 48 255 
-0.373268 -0.0459042 -0.144312 72 67 56 255 
-0.369952 -0.0424595 -0.151311 84 72 60 255 
-0.367348 -0.0414202 -0.15397 82 72 61 255 
-0.364879 -0.0408691 -0.155749 86 74 66 255 
-0.362216 -0.0398092 -0.158462 109 90 75 255 
-0.440189 -0.0319506 -0.149521 105 94 70 255 
-0.438178 -0.034406 -0.145989 84 76 59 255 
-0.436221 -0.0373131 -0.14166 105 88 66 255 
-0.434275 -0.0396848 -0.138249 134 117 85 255 
-0.432327 -0.0415468 -0.135717 142 131 96 255 
-0.430401 -0.0433872 -0.133214 144 134 98 255 
-0.428571 -0.0461287 -0.129127 146 136 98 255 
-0.426654 -0.0474616 -0.127493 138 135 98 255 
-0.424795 -0.0492353 -0.125082 108 99 77 255 
-0.422956 -0.0509888 -0.122698 78 54 46 255 
-0.421087 -0.052284 -0.121112 86 58 49 255 
-0.419232 -0.0535705 -0.119538 104 76 77 255 
-0.417503 -0.0557073 -0.116457 91 103 107 255 
-0.415739 -0.0573905 -0.114167 74 119 123 255 
-0.41387 -0.0582174 -0.113388 71 125 127 255 
-0.412138 -0.0598754 -0.111131 82 128 122 255 
-0.410288 -0.0606923 -0.110362 117 140 108 255 
-0.408373 -0.0610943 -0.11033 124 153 105 255 
-0.406458 -0.0614963 -0.110297 106 154 133 255 
-0.404463 -0.061486 -0.111 80 158 172 255 
-0.402378 -0.0610621 -0.112447 75 166 189 255 
-0.400278 -0.0606361 -0.113904 78 160 176 255 
-0.398253 -0.0606243 -0.11462 128 182 192 255 
-0.39603 -0.0597727 -0.116849 128 212 209 255 
-0.393883 -0.0593364 -0.118339 97 173 198 255 
-0.391614 -0.0584701 -0.12061 112 182 192 255 
-0.389321 -0.0575944 -0.122906 171 154 152 255 
-0.387001 -0.0567084 -0.125228 156 147 136 255 
-0.384415 -0.0549285 -0.129179 97 72 88 255 
-0.382031 -0.0540148 -0.131572 73 57 50 255 
-0.379226 -0.051726 -0.136475 68 57 54 255 
-0.376494 -0.0498497 -0.140642 62 60 47 255 
-0.373415 -0.0469868 -0.146627 63 60 49 255 
-0.370095 -0.0435521 -0.153677 80 70 58 255 
-0.367486 -0.0425167 -0.156356 92 80 66 255 
-0.365012 -0.0419704 -0.158148 109 91 71 255 
-0.438477 -0.0359565 -0.147429 97 81 66 255 
-0.436494 -0.0383616 -0.14394 85 72 58 255 
-0.434541 -0.0407304 -0.140506 105 92 71 255 
-0.432558 -0.0421146 -0.138791 132 120 88 255 
-0.430657 -0.0444278 -0.135435 143 133 95 255 
-0.428784 -0.0467059 -0.13213 144 135 97 255 
-0.426859 -0.0480413 -0.130479 129 130 98 255 
-0.425035 -0.0502677 -0.127247 96 92 71 255 
-0.423145 -0.0515759 -0.125633 68 52 39 255 
-0.421318 -0.053313 -0.12325 81 61 47 255 
-0.419458 -0.0545983 -0.121665 121 84 71 255 
-0.417724 -0.056731 -0.118563 128 93 88 255 
-0.415956 -0.0584121 -0.116258 114 87 92 255 
-0.414145 -0.0596585 -0.114724 93 106 110 255 
-0.412411 -0.0613085 -0.11246 81 119 119 255 
-0.410561 -0.0621226 -0.11169 82 122 120 255 
-0.408717 -0.0629336 -0.110921 75 126 134 255 
-0.406805 -0.0633349 -0.110889 68 138 151 255 
-0.404814 -0.0633288 -0.111592 83 155 172 255 
-0.402734 -0.0629132 -0.113038 105 182 191 255 
-0.400465 -0.0616643 -0.115995 84 158 177 255 
-0.398437 -0.0616551 -0.116716 104 182 190 255 
-0.396211 -0.0608082 -0.118961 96 178 197 255 
-0.39396 -0.0599509 -0.121232 107 177 197 255 
-0.391683 -0.0590851 -0.123527 141 174 181 255 
-0.389381 -0.0582089 -0.125849 155 152 136 255 
-0.387053 -0.0573235 -0.128196 106 79 92 255 
-0.384578 -0.0559865 -0.131379 72 70 63 255 
-0.382191 -0.0550767 -0.133789 73 79 64 255 
-0.379382 -0.0527957 -0.138727 52 45 52 255 
-0.376784 -0.0513906 -0.142071 49 38 35 255 
-0.373563 -0.0480733 -0.148952 63 55 43 255 
-0.370239 -0.0446496 -0.156053 77 72 58 255 
-0.367786 -0.0441137 -0.157837 105 89 73 255 
-0.438756 -0.0370127 -0.149743 116 100 76 255 
-0.436767 -0.039415 -0.14623 89 75 63 255 
-0.434809 -0.0417799 -0.142772 82 69 60 255 
-0.43282 -0.0431629 -0.141045 98 88 71 255 
-0.43088 -0.0450051 -0.138497 126 117 85 255 
-0.428999 -0.0472871 -0.135156 141 131 93 255 
-0.427105 -0.0490817 -0.132674 137 127 96 255 
-0.425233 -0.0508559 -0.130221 106 99 78 255 
-0.423381 -0.052611 -0.127795 70 65 54 255 
-0.4215 -0.0539075 -0.126182 86 77 60 255 
-0.419685 -0.05563 -0.1238 132 121 87 255 
-0.41789 -0.0573325 -0.121445 148 137 102 255 
-0.416114 -0.059016 -0.119116 145 111 91 255 
-0.414296 -0.0602648 -0.117566 133 86 80 255 
-0.412556 -0.0619173 -0.115279 118 78 86 255 
-0.410833 -0.0635529 -0.113017 97 97 102 255 
-0.408989 -0.0643619 -0.112246 74 113 118 255 
-0.407077 -0.0647633 -0.112214 64 132 132 255 
-0.405164 -0.0651648 -0.112182 69 145 154 255 
-0.403007 -0.0643495 -0.11437 78 156 171 255 
-0.400653 -0.0626972 -0.118093 70 157 174 255 
-0.398531 -0.0622736 -0.119582 75 165 182 255 
-0.396297 -0.0614271 -0.121852 84 172 191 255 
-0.394038 -0.0605702 -0.124147 106 185 194 255 
-0.391753 -0.0597049 -0.126467 148 159 154 255 
-0.389443 -0.0588294 -0.128814 109 77 85 255 
-0.387106 -0.0579436 -0.131187 93 85 65 255 
-0.384622 -0.0566064 -0.134404 81 85 81 255 
-0.382226 -0.0556972 -0.13684 58 46 48 255 
-0.379538 -0.0538705 -0.140987 51 41 37 255 
-0.376798 -0.0520089 -0.145214 75 66 58 255 
-0.373711 -0.0491639 -0.151286 85 84 71 255 
-0.370382 -0.0457512 -0.158439 101 87 70 255 
-0.437042 -0.0404723 -0.148529 106 94 76 255 
-0.435077 -0.0428332 -0.145046 86 73 61 255 
-0.433084 -0.0442152 -0.143307 80 67 52 255 
-0.431139 -0.0460553 -0.140742 100 86 62 255 
-0.429251 -0.0483343 -0.137377 129 115 83 255 
-0.427313 -0.0496721 -0.135697 141 131 95 255 
-0.425475 -0.051898 -0.132409 133 125 95 255 
-0.423572 -0.0532078 -0.130766 108 109 82 255 
-0.421683 -0.0545078 -0.129135 105 108 78 255 
-0.419808 -0.055798 -0.127517 138 129 93 255 
-0.418002 -0.0575087 -0.125129 154 143 104 255 
-0.416275 -0.0596258 -0.121996 157 144 107 255 
-0.414449 -0.060876 -0.12043 156 134 106 255 
-0.412765 -0.0629452 -0.117365 148 107 90 255 
-0.410972 -0.0641699 -0.115833 135 84 82 255 
-0.40919 -0.0653862 -0.114312 114 80 96 255 
-0.407275 -0.0657883 -0.11428 87 118 119 255 
-0.405359 -0.0661915 -0.114247 69 144 145 255 
-0.403117 -0.064972 -0.117202 65 156 162 255 
-0.400755 -0.0633192 -0.120965 65 159 170 255 
-0.398625 -0.0628968 -0.122469 75 164 182 255 
-0.396287 -0.0616284 -0.125545 110 170 192 255 
-0.394015 -0.060768 -0.127873 120 159 175 255 
-0.391718 -0.0598991 -0.130228 96 106 107 255 
-0.389504 -0.059454 -0.131801 69 49 43 255 
-0.387159 -0.0585697 -0.1342 72 63 63 255 
-0.384786 -0.0576744 -0.136626 57 54 70 255 
-0.382387 -0.056769 -0.13908 47 47 41 255 
-0.379827 -0.0554024 -0.142408 77 77 65 255 
-0.376812 -0.0526323 -0.148383 106 100 84 255 
-0.37386 -0.0502594 -0.15363 111 109 94 255 
-0.370683 -0.0473452 -0.159917 123 99 80 255 
-0.435372 -0.0443682 -0.14647 105 92 71 255 
-0.433378 -0.0457443 -0.144726 86 72 57 255 
-0.431398 -0.0471094 -0.142995 82 68 54 255 
-0.429469 -0.048926 -0.140441 97 85 63 255 
-0.427562 -0.0507212 -0.137916 122 111 80 255 
-0.425676 -0.0524969 -0.135419 138 127 92 255 
-0.423811 -0.0542526 -0.132951 138 132 96 255 
-0.421868 -0.0551118 -0.132112 137 133 96 255 
-0.419984 -0.0564047 -0.130476 146 136 98 255 
-0.418171 -0.0581187 -0.128062 153 142 103 255 
-0.416436 -0.0602385 -0.124897 157 145 106 255 
-0.414603 -0.0614921 -0.123315 159 146 108 255 
-0.412847 -0.0631505 -0.12098 158 144 106 255 
-0.411111 -0.0647918 -0.11867 158 148 114 255 
-0.409252 -0.0656045 -0.117884 158 141 112 255 
-0.407326 -0.0660087 -0.117851 147 136 112 255 
-0.405399 -0.0664138 -0.117819 114 139 127 255 
-0.403145 -0.0651895 -0.120816 76 150 156 255 
-0.400771 -0.0635301 -0.124633 68 157 170 255 
-0.398629 -0.0631058 -0.126159 77 167 186 255 
-0.396277 -0.0618319 -0.12928 111 192 191 255 
-0.393891 -0.0605391 -0.132447 105 148 134 255 
-0.391682 -0.0600963 -0.134031 70 59 45 255 
-0.389456 -0.0596494 -0.135628 60 45 45 255 
-0.387328 -0.0596369 -0.136414 57 62 59 255 
-0.384952 -0.0587463 -0.138857 53 48 42 255 
-0.382548 -0.0578458 -0.141329 75 83 69 255 
-0.379853 -0.0560337 -0.145535 101 116 91 255 
-0.376966 -0.0537238 -0.150698 115 110 98 255 
-0.373863 -0.050887 -0.156882 109 106 99 255 
-0.371137 -0.0494217 -0.160478 136 118 90 255 
-0.433643 -0.0468044 -0.147 105 94 71 255 
-0.431658 -0.0481684 -0.145258 85 75 59 255 
-0.429724 -0.0499819 -0.142686 79 70 51 255 
-0.427772 -0.0513213 -0.140976 89 81 54 255 
-0.425921 -0.0535488 -0.137629 114 106 75 255 
-0.424005 -0.0548589 -0.135958 137 127 93 255 
-0.422103 -0.0561603 -0.134299 147 133 97 255 
-0.420215 -0.057452 -0.132653 149 136 98 255 
-0.418341 -0.0587337 -0.131018 151 140 104 255 
-0.41654 -0.0604325 -0.128606 153 144 108 255 
-0.414758 -0.0621131 -0.126221 155 147 111 255 
-0.412995 -0.0637748 -0.123861 159 146 110 255 
-0.411184 -0.065008 -0.122292 165 153 117 255 
-0.409314 -0.0658248 -0.121495 167 158 125 255 
-0.407377 -0.066232 -0.121463 160 160 133 255 
-0.40544 -0.0666392 -0.12143 156 157 135 255 
-0.403174 -0.06541 -0.12447 128 157 155 255 
-0.400787 -0.0637439 -0.128342 83 158 172 255 
-0.398632 -0.063318 -0.129891 88 168 177 255 
-0.396268 -0.0620383 -0.133057 123 156 155 255 
-0.39397 -0.0611715 -0.135454 83 64 79 255 
-0.391753 -0.0607293 -0.137056 46 38 33 255 
-0.38974 -0.0611528 -0.137022 62 59 42 255 
-0.387382 -0.060273 -0.139465 49 40 40 255 
-0.385118 -0.0598223 -0.141097 71 77 66 255 
-0.38271 -0.0589267 -0.143586 71 109 94 255 
-0.379879 -0.0566691 -0.148687 104 112 105 255 
-0.376981 -0.0543583 -0.153907 117 112 109 255 
-0.374013 -0.0519924 -0.159251 129 101 104 255 
-0.431919 -0.0492312 -0.147529 108 95 75 255 
-0.42998 -0.0510427 -0.14494 86 76 60 255 
-0.428062 -0.0528339 -0.142379 78 70 51 255 
-0.426166 -0.0546044 -0.139848 86 78 57 255 
-0.424246 -0.0559134 -0.138165 112 99 76 255 
-0.422339 -0.0572137 -0.136495 139 122 91 255 
-0.420395 -0.0580692 -0.135648 148 134 96 255 
-0.418569 -0.0597848 -0.133192 152 138 103 255 
-0.416704 -0.0610558 -0.131559 152 143 108 255 
-0.414914 -0.0627389 -0.129148 151 147 109 255 
-0.413079 -0.0639879 -0.127545 161 147 109 255 
-0.411257 -0.0652271 -0.125954 171 157 119 255 
-0.409378 -0.0660479 -0.125146 177 162 126 255 
-0.40743 -0.0664582 -0.125113 172 162 132 255 
-0.405482 -0.0668675 -0.125081 179 177 143 255 
-0.403203 -0.0656325 -0.128165 181 188 160 255 
-0.400891 -0.0643796 -0.131294 172 186 169 255 
-0.398636 -0.063533 -0.133664 163 175 163 255 
-0.396356 -0.0626761 -0.13606 113 125 124 255 
-0.394152 -0.0622404 -0.137662 69 33 35 255 
-0.391931 -0.0618017 -0.139275 46 37 32 255 
-0.389804 -0.0617931 -0.14007 45 38 37 255 
-0.387553 -0.0613502 -0.141701 64 61 47 255 
-0.385164 -0.060464 -0.144189 88 101 85 255 
-0.382748 -0.059569 -0.146706 103 114 109 255 
-0.379905 -0.0573106 -0.151863 119 119 103 255 
-0.376996 -0.0549978 -0.157141 123 119 95 255 
-0.430272 -0.052564 -0.146351 111 98 78 255 
-0.428352 -0.0543462 -0.143783 90 81 62 255 
-0.426413 -0.055664 -0.142076 79 71 55 255 
-0.424533 -0.0574123 -0.139556 85 72 57 255 
-0.422577 -0.058271 -0.1387 107 89 68 255 
-0.420628 -0.0591263 -0.137847 132 116 86 255 
-0.418741 -0.0604095 -0.136184 150 135 99 255 
-0.416869 -0.061684 -0.134534 141 133 104 255 
-0.415071 -0.0633695 -0.132098 119 121 98 255 
-0.413229 -0.06462 -0.130478 126 121 93 255 
-0.411332 -0.0654491 -0.129656 153 144 112 255 
-0.40937 -0.065861 -0.129624 175 161 122 255 
-0.407407 -0.0662741 -0.129591 177 164 130 255 
-0.405445 -0.0666871 -0.129558 186 180 147 255 
-0.403233 -0.0658589 -0.131901 196 191 159 255 
-0.400907 -0.0646005 -0.135076 199 193 163 255 
-0.398733 -0.0641743 -0.136665 173 163 142 255 
-0.396445 -0.0633188 -0.139087 95 69 73 255 
-0.394335 -0.0633131 -0.139878 47 35 30 255 
-0.39211 -0.0628773 -0.141503 46 49 30 255 
-0.389979 -0.0628715 -0.142303 44 39 33 255 
-0.387724 -0.0624312 -0.143947 82 73 61 255 
-0.385211 -0.0611118 -0.147306 110 108 92 255 
-0.382658 -0.0597713 -0.150717 118 119 102 255 
-0.379932 -0.057957 -0.155064 123 124 100 255 
-0.377011 -0.0556433 -0.160402 146 126 100 255 
-0.428642 -0.0558587 -0.145186 114 103 79 255 
-0.426701 -0.0571706 -0.143474 93 84 64 255 
-0.424775 -0.0584737 -0.141775 81 70 55 255 
-0.422815 -0.0593322 -0.140913 83 69 54 255 
-0.420862 -0.0601872 -0.140055 98 88 65 255 
-0.418971 -0.0614692 -0.138381 125 115 85 255 
-0.417094 -0.0627416 -0.136719 129 122 98 255 
-0.41523 -0.0640051 -0.13507 98 99 85 255 
-0.41338 -0.065258 -0.133433 92 78 64 255 
-0.411475 -0.0660885 -0.132603 120 98 81 255 
-0.409506 -0.0665029 -0.13257 162 144 108 255 
-0.407536 -0.0669174 -0.132538 179 166 133 255 
-0.405487 -0.0669183 -0.133302 192 182 148 255 
-0.403263 -0.0660874 -0.135679 198 194 161 255 
-0.401013 -0.065247 -0.138082 190 187 158 255 
-0.398831 -0.0648214 -0.139688 136 134 120 255 
-0.396632 -0.0643938 -0.141306 78 42 43 255 
-0.394518 -0.0643898 -0.142103 51 39 30 255 
-0.39229 -0.0639577 -0.14374 44 41 32 255 
-0.390155 -0.0639538 -0.144546 63 55 45 255 
-0.387897 -0.0635182 -0.146201 86 92 78 255 
-0.385379 -0.0622035 -0.149584 105 112 95 255 
-0.382823 -0.0608689 -0.15302 119 119 99 255 
-0.379959 -0.0586085 -0.158291 142 123 106 255 
-0.42695 -0.058238 -0.145713 120 109 83 255 
-0.425018 -0.0595399 -0.144002 99 89 68 255 
-0.423054 -0.0603982 -0.143135 84 74 59 255 
-0.421097 -0.0612532 -0.142271 80 72 56 255 
-0.419201 -0.062533 -0.140585 92 81 63 255 
-0.417261 -0.0633794 -0.139731 93 84 73 255 
-0.41539 -0.0646454 -0.138065 74 71 68 255 
-0.413533 -0.0659018 -0.136411 72 65 56 255 
-0.411552 -0.0663183 -0.136378 100 86 72 255 
-0.409571 -0.0667347 -0.136345 154 136 104 255 
-0.407591 -0.0671512 -0.136312 179 168 135 255 
-0.40553 -0.0671535 -0.137088 193 181 148 255 
-0.403208 -0.0658981 -0.14032 196 189 157 255 
-0.401031 -0.0654748 -0.141938 175 164 142 255 
-0.398836 -0.0650485 -0.143568 101 87 92 255 
-0.396625 -0.0646192 -0.14521 62 47 39 255 
-0.394498 -0.0646156 -0.146019 62 52 39 255 
-0.392364 -0.0646135 -0.146831 52 42 36 255 
-0.390221 -0.064611 -0.147646 77 73 59 255 
-0.387954 -0.0641752 -0.14932 100 106 87 255 
-0.385427 -0.0628612 -0.15274 108 120 95 255 
-0.382861 -0.0615275 -0.156214 135 118 102 255 
-0.423294 -0.0614682 -0.145365 109 96 75 255 
-0.421332 -0.0623229 -0.144495 91 81 63 255 
-0.419432 -0.0636016 -0.142799 81 71 57 255 
-0.41743 -0.0640232 -0.142765 72 63 56 255 
-0.415551 -0.0652908 -0.141082 61 55 49 255 
-0.413686 -0.0665495 -0.13941 57 53 48 255 
-0.411698 -0.0669674 -0.139377 82 78 68 255 
-0.409638 -0.0669695 -0.140162 140 128 100 255 
-0.407645 -0.0673881 -0.140129 174 165 129 255 
-0.405493 -0.0669722 -0.14174 185 174 139 255 
-0.403239 -0.0661306 -0.144196 168 163 139 255 
-0.401048 -0.0657055 -0.145838 129 113 109 255 
-0.398841 -0.0652785 -0.147492 77 58 58 255 
-0.396715 -0.0652768 -0.148307 57 56 43 255 
-0.394581 -0.0652757 -0.149125 70 65 53 255 
-0.392438 -0.0652742 -0.149946 68 61 55 255 
-0.390287 -0.0652732 -0.150771 83 80 68 255 
-0.388012 -0.064839 -0.152463 103 100 83 255 
-0.385475 -0.0635249 -0.155921 134 122 90 255 
-0.42162 -0.0638257 -0.145889 120 107 81 255 
-0.419664 -0.0646741 -0.14502 100 90 71 255 
-0.417716 -0.0655201 -0.144155 82 74 61 255 
-0.415836 -0.0667827 -0.142466 67 62 51 255 
-0.41384 -0.0672031 -0.142433 60 56 48 255 
-0.411845 -0.0676224 -0.1424 74 68 54 255 
-0.409849 -0.0680429 -0.142367 108 90 71 255 
-0.407701 -0.0676291 -0.14399 132 104 86 255 
-0.405455 -0.066789 -0.146463 137 106 89 255 
-0.403269 -0.0663661 -0.148116 119 96 84 255 
-0.401156 -0.066367 -0.148931 85 70 65 255 
-0.398941 -0.0659395 -0.150604 69 57 47 255 
-0.396708 -0.0655102 -0.152289 69 70 53 255 
-0.394665 -0.0659398 -0.152255 87 81 65 255 
-0.392514 -0.0659399 -0.153086 95 90 74 255 
-0.390354 -0.0659405 -0.153919 110 100 82 255 
-0.38807 -0.0655069 -0.15563 127 116 92 255 
-0.417945 -0.0665973 -0.146379 109 99 80 255 
-0.41606 -0.0678579 -0.144679 94 86 70 255 
-0.414061 -0.068279 -0.144646 81 75 60 255 
-0.412061 -0.0687 -0.144613 74 68 52 255 
-0.410062 -0.0691212 -0.14458 79 63 50 255 
-0.407834 -0.0682919 -0.147053 87 61 50 255 
-0.405661 -0.0678746 -0.148705 87 58 48 255 
-0.403472 -0.0674554 -0.150371 81 57 45 255 
-0.401265 -0.0670334 -0.152049 70 62 48 255 
-0.399042 -0.0666075 -0.153739 73 69 56 255 
-0.396801 -0.0661778 -0.155443 87 82 66 255 
-0.394749 -0.06661 -0.15541 109 101 76 255 
-0.414282 -0.0693597 -0.146868 112 102 79 255 
-0.412279 -0.0697814 -0.146835 98 90 72 255 
-0.410275 -0.0702033 -0.146802 92 82 64 255 
-0.408044 -0.0693788 -0.149292 82 73 54 255 
-0.405868 -0.0689652 -0.150956 73 64 52 255 
-0.40359 -0.0681262 -0.153494 72 65 55 255 
-0.401375 -0.0677047 -0.15519 82 75 62 255 
-0.399143 -0.0672794 -0.1569 98 89 72 255 
-0.396993 -0.0672824 -0.157742 114 104 83 255 
-0.408331 -0.0708857 -0.15069 110 101 79 255 
-0.406075 -0.0700607 -0.153216 95 93 81 255 
-0.403794 -0.0692254 -0.155771 94 93 82 255 
-0.401576 -0.0688077 -0.15748 111 103 84 255 
