-0.446  0.040 -0.085 179 178 119
-0.443  0.040 -0.083 161 166 109
-0.441  0.040 -0.080 169 173 111
-0.444  0.040 -0.088 164 165 109
-0.442  0.040 -0.085 150 161 72
-0.439  0.040 -0.083 180 154 65
-0.436  0.041 -0.081 185 162 72
-0.433  0.042 -0.078 169 165 94
-0.430  0.042 -0.076 179 174 119
-0.443  0.041 -0.093 177 181 120
-0.442  0.041 -0.090 154 157 92
-0.440  0.040 -0.088 157 157 65
-0.437  0.041 -0.086 195 161 56
-0.434  0.041 -0.083 217 164 50
-0.430  0.042 -0.080 218 166 50
-0.428  0.043 -0.078 208 165 58
-0.425  0.043 -0.076 185 162 74
-0.425  0.042 -0.074 169 169 101
-0.442  0.041 -0.095 167 168 109
-0.440  0.041 -0.093 146 159 77
-0.438  0.041 -0.091 178 150 60
-0.436  0.040 -0.088 208 162 50
-0.433  0.041 -0.086 221 165 48
-0.429  0.042 -0.083 226 164 45
-0.426  0.043 -0.081 226 167 47
-0.424  0.043 -0.078 227 170 51
-0.421  0.043 -0.076 219 174 55
-0.420  0.043 -0.074 206 164 66
-0.420  0.042 -0.072 173 166 90
-0.421  0.040 -0.071 174 174 117
-0.439  0.042 -0.098 163 158 98
-0.438  0.041 -0.096 145 159 68
-0.436  0.041 -0.093 189 155 58
-0.434  0.041 -0.091 217 165 49
-0.432  0.041 -0.089 227 167 50
-0.429  0.041 -0.086 227 170 50
-0.425  0.042 -0.083 229 167 48
-0.423  0.043 -0.081 230 172 50
-0.420  0.043 -0.079 228 173 51
-0.418  0.043 -0.076 229 172 50
-0.417  0.043 -0.074 226 171 53
-0.418  0.041 -0.073 216 170 59
-0.418  0.040 -0.071 193 167 74
-0.419  0.038 -0.070 169 171 100
-0.436  0.042 -0.100 157 151 95
-0.435  0.042 -0.098 149 155 65
-0.434  0.041 -0.096 193 163 58
-0.433  0.041 -0.094 218 171 58
-0.430  0.041 -0.091 224 176 86
-0.428  0.041 -0.089 239 196 93
-0.425  0.042 -0.086 235 197 96
-0.422  0.042 -0.084 227 191 94
-0.419  0.043 -0.081 226 186 89
-0.417  0.043 -0.079 226 182 82
-0.415  0.043 -0.077 230 174 64
-0.414  0.043 -0.075 224 175 51
-0.414  0.041 -0.073 231 174 50
-0.414  0.040 -0.072 226 172 53
-0.416  0.038 -0.070 214 165 65
-0.417  0.036 -0.069 172 168 88
-0.419  0.033 -0.068 169 168 112
-0.433  0.043 -0.102 171 104 92
-0.433  0.042 -0.100 170 111 62
-0.431  0.042 -0.098 196 165 58
-0.430  0.041 -0.096 221 176 64
-0.428  0.041 -0.094 230 204 117
-0.426  0.042 -0.091 207 208 168
-0.424  0.041 -0.089 148 141 139
-0.421  0.042 -0.086 170 175 148
-0.418  0.043 -0.084 206 218 168
-0.415  0.043 -0.082 204 208 170
-0.413  0.043 -0.079 210 203 153
-0.411  0.043 -0.077 217 193 121
-0.410  0.043 -0.075 220 181 79
-0.411  0.041 -0.074 235 175 54
-0.412  0.039 -0.072 240 174 51
-0.414  0.037 -0.071 236 172 51
-0.416  0.034 -0.070 219 171 58
-0.418  0.032 -0.069 194 168 75
-0.422  0.028 -0.068 167 168 97
-0.430  0.045 -0.104 171 92 91
-0.429  0.043 -0.102 185 91 57
-0.428  0.043 -0.100 210 162 58
-0.427  0.042 -0.098 225 177 65
-0.426  0.042 -0.096 225 220 126
-0.424  0.042 -0.094 206 207 165
-0.422  0.042 -0.091 142 118 131
-0.419  0.042 -0.089 103 96 85
-0.417  0.043 -0.087 112 100 96
-0.414  0.043 -0.084 139 166 133
-0.411  0.044 -0.082 195 207 167
-0.410  0.043 -0.080 206 212 175
-0.408  0.043 -0.078 204 206 168
-0.408  0.042 -0.076 208 198 149
-0.409  0.041 -0.074 220 187 88
-0.410  0.039 -0.073 238 174 55
-0.413  0.035 -0.072 242 175 52
-0.415  0.033 -0.071 242 173 51
-0.418  0.030 -0.070 234 175 55
-0.421  0.027 -0.069 216 168 68
-0.424  0.023 -0.068 169 173 93
-0.426  0.021 -0.067 170 175 120
-0.427  0.045 -0.106 171 87 88
-0.427  0.044 -0.105 185 88 56
-0.425  0.044 -0.102 212 159 55
-0.424  0.043 -0.100 222 174 60
-0.422  0.043 -0.098 228 205 109
-0.421  0.043 -0.096 203 208 160
-0.419  0.043 -0.094 138 115 130
-0.417  0.043 -0.091 103 94 77
-0.414  0.043 -0.089 89 95 84
-0.412  0.044 -0.087 91 93 85
-0.410  0.044 -0.084 101 96 84
-0.408  0.044 -0.082 123 143 114
-0.406  0.043 -0.080 184 184 166
-0.406  0.043 -0.078 206 213 175
-0.405  0.042 -0.076 203 206 171
-0.407  0.040 -0.075 205 198 147
-0.408  0.038 -0.074 229 181 83
-0.412  0.034 -0.073 245 175 51
-0.414  0.031 -0.072 247 174 53
-0.417  0.028 -0.071 248 172 52
-0.420  0.025 -0.070 243 173 56
-0.422  0.022 -0.069 219 174 67
-0.423  0.020 -0.068 197 180 96
-0.425  0.017 -0.066 176 181 121
-0.426  0.045 -0.109 172 87 87
-0.425  0.044 -0.107 183 86 58
-0.424  0.044 -0.105 210 157 59
-0.422  0.043 -0.103 223 169 53
-0.420  0.044 -0.100 228 179 77
-0.418  0.044 -0.098 202 206 143
-0.417  0.043 -0.096 138 110 126
-0.415  0.043 -0.094 101 93 77
-0.413  0.043 -0.091 91 91 78
-0.411  0.043 -0.089 94 92 78
-0.409  0.043 -0.087 92 96 82
-0.407  0.043 -0.085 89 94 79
-0.406  0.043 -0.083 92 99 84
-0.405  0.043 -0.081 119 114 108
-0.404  0.042 -0.079 162 176 159
-0.404  0.040 -0.077 201 216 172
-0.406  0.038 -0.076 202 207 166
-0.408  0.036 -0.075 208 192 132
-0.413  0.031 -0.075 244 180 53
-0.415  0.028 -0.074 250 177 55
-0.417  0.026 -0.073 248 175 55
-0.420  0.023 -0.072 248 176 57
-0.422  0.020 -0.070 245 175 59
-0.423  0.018 -0.069 227 185 84
-0.424  0.016 -0.067 183 191 126
-0.426  0.014 -0.066 181 193 127
-0.427  0.011 -0.065 176 182 127
-0.423  0.046 -0.112 169 87 92
-0.423  0.045 -0.110 179 85 56
-0.422  0.044 -0.108 206 150 59
-0.422  0.043 -0.106 223 166 54
-0.420  0.043 -0.103 230 176 58
-0.417  0.043 -0.101 233 183 78
-0.415  0.044 -0.099 171 166 130
-0.413  0.043 -0.096 108 93 95
-0.412  0.043 -0.094 90 92 82
-0.409  0.043 -0.092 91 94 79
-0.408  0.043 -0.090 89 93 80
-0.407  0.043 -0.088 88 91 79
-0.405  0.042 -0.086 91 97 81
-0.405  0.041 -0.084 88 97 84
-0.404  0.041 -0.082 98 100 84
-0.403  0.040 -0.080 116 103 96
-0.404  0.038 -0.079 138 170 132
-0.406  0.036 -0.078 196 202 163
-0.407  0.034 -0.076 207 201 146
-0.412  0.029 -0.076 244 183 62
-0.415  0.026 -0.075 250 182 63
-0.417  0.023 -0.074 251 180 62
-0.420  0.021 -0.073 249 181 62
-0.422  0.018 -0.072 245 180 63
-0.423  0.016 -0.070 203 186 72
-0.423  0.014 -0.069 170 185 90
-0.424  0.013 -0.067 161 198 109
-0.425  0.010 -0.066 162 197 119
-0.426  0.009 -0.064 177 182 118
-0.421  0.046 -0.114 169 91 91
-0.421  0.045 -0.112 172 83 60
-0.421  0.044 -0.110 201 142 59
-0.420  0.043 -0.108 227 174 72
-0.419  0.043 -0.106 255 196 91
-0.417  0.042 -0.104 255 195 84
-0.414  0.043 -0.101 234 187 84
-0.412  0.043 -0.099 209 207 145
-0.410  0.043 -0.097 177 163 134
-0.408  0.043 -0.094 111 98 104
-0.406  0.043 -0.092 89 93 81
-0.406  0.042 -0.090 89 89 80
-0.405  0.042 -0.089 87 93 82
-0.404  0.041 -0.087 90 97 83
-0.404  0.040 -0.085 90 98 84
-0.403  0.039 -0.083 95 100 84
-0.402  0.039 -0.081 94 98 85
-0.404  0.037 -0.080 106 104 100
-0.405  0.034 -0.079 184 161 130
-0.407  0.032 -0.078 203 207 160
-0.412  0.027 -0.077 255 224 111
-0.414  0.025 -0.076 255 220 106
-0.416  0.022 -0.075 255 212 109
-0.419  0.019 -0.074 255 198 96
-0.421  0.016 -0.073 212 183 78
-0.421  0.015 -0.071 168 184 88
-0.422  0.013 -0.070 157 194 98
-0.423  0.011 -0.068 159 196 97
-0.423  0.010 -0.066 160 189 100
-0.423  0.008 -0.065 164 187 106
-0.424  0.007 -0.063 184 183 123
-0.418  0.047 -0.116 168 95 92
-0.418  0.046 -0.114 171 81 63
-0.418  0.045 -0.113 199 138 66
-0.417  0.044 -0.111 245 174 77
-0.416  0.043 -0.109 255 238 115
-0.415  0.043 -0.107 255 225 127
-0.413  0.043 -0.104 245 194 86
-0.410  0.044 -0.101 235 184 72
-0.408  0.044 -0.099 217 202 121
-0.407  0.043 -0.097 206 217 179
-0.405  0.043 -0.095 189 178 158
-0.404  0.043 -0.093 126 136 105
-0.403  0.042 -0.091 94 94 91
-0.403  0.041 -0.089 88 95 87
-0.403  0.040 -0.087 92 97 84
-0.403  0.038 -0.086 90 101 87
-0.403  0.037 -0.084 95 103 86
-0.402  0.037 -0.082 97 101 87
-0.403  0.035 -0.081 145 119 120
-0.405  0.033 -0.080 199 209 168
-0.406  0.030 -0.079 218 198 157
-0.411  0.026 -0.078 254 252 157
-0.412  0.024 -0.077 255 253 161
-0.415  0.021 -0.076 255 249 156
-0.417  0.018 -0.075 211 218 142
-0.420  0.014 -0.074 170 186 94
-0.420  0.013 -0.072 157 192 95
-0.421  0.011 -0.071 156 192 100
-0.421  0.010 -0.069 154 181 108
-0.421  0.009 -0.067 156 148 107
-0.421  0.007 -0.066 145 163 102
-0.421  0.006 -0.064 168 185 111
-0.423  0.004 -0.062 181 181 126
-0.417  0.047 -0.119 168 112 95
-0.414  0.047 -0.116 168 69 64
-0.414  0.046 -0.114 170 91 71
-0.414  0.045 -0.112 206 163 94
-0.413  0.044 -0.110 231 198 107
-0.412  0.044 -0.109 242 178 78
-0.411  0.044 -0.106 244 176 64
-0.408  0.044 -0.104 239 177 61
-0.405  0.045 -0.101 236 177 59
-0.404  0.044 -0.099 227 183 90
-0.403  0.044 -0.097 214 204 161
-0.401  0.044 -0.095 209 216 180
-0.400  0.043 -0.093 194 204 167
-0.400  0.042 -0.091 161 159 124
-0.401  0.040 -0.090 104 95 103
-0.401  0.039 -0.088 92 96 82
-0.402  0.037 -0.087 92 94 84
-0.402  0.036 -0.085 94 100 87
-0.402  0.035 -0.084 145 114 110
-0.403  0.033 -0.082 197 204 150
-0.404  0.031 -0.081 204 207 154
-0.406  0.029 -0.080 239 188 92
-0.410  0.024 -0.079 255 191 72
-0.411  0.022 -0.078 255 191 74
-0.413  0.020 -0.077 211 182 79
-0.415  0.017 -0.076 169 184 90
-0.419  0.013 -0.075 155 190 92
-0.419  0.012 -0.073 156 190 99
-0.420  0.010 -0.072 156 180 114
-0.420  0.009 -0.070 150 158 132
-0.420  0.008 -0.068 151 151 135
-0.420  0.006 -0.067 140 142 122
-0.421  0.004 -0.065 156 161 99
-0.422  0.002 -0.063 164 180 112
-0.425 -0.001 -0.062 178 176 115
-0.414  0.047 -0.119 162 70 67
-0.412  0.047 -0.116 165 67 59
-0.412  0.046 -0.115 167 67 60
-0.411  0.045 -0.113 180 81 58
-0.409  0.045 -0.110 196 127 52
-0.408  0.044 -0.108 221 161 57
-0.407  0.044 -0.106 229 167 53
-0.404  0.044 -0.104 231 170 52
-0.401  0.045 -0.101 232 171 53
-0.400  0.045 -0.099 233 178 57
-0.399  0.044 -0.097 228 187 95
-0.397  0.044 -0.095 213 205 161
-0.397  0.043 -0.093 210 214 172
-0.397  0.042 -0.092 201 212 173
-0.398  0.040 -0.090 184 166 147
-0.399  0.038 -0.089 116 117 102
-0.400  0.037 -0.088 88 98 95
-0.401  0.035 -0.086 132 121 117
-0.401  0.033 -0.085 194 205 156
-0.402  0.031 -0.083 205 209 146
-0.403  0.030 -0.082 227 185 108
-0.404  0.028 -0.081 254 188 61
-0.407  0.024 -0.080 245 190 62
-0.408  0.022 -0.078 196 177 69
-0.409  0.020 -0.077 160 186 86
-0.411  0.017 -0.076 153 188 92
-0.415  0.014 -0.075 158 190 97
-0.417  0.011 -0.074 160 180 114
-0.418  0.009 -0.073 152 156 136
-0.419  0.007 -0.071 149 150 137
-0.418  0.006 -0.069 150 149 136
-0.419  0.004 -0.068 148 152 126
-0.420  0.003 -0.066 133 155 99
-0.420  0.001 -0.064 147 181 101
-0.423 -0.003 -0.063 161 185 99
-0.427 -0.006 -0.062 181 181 116
-0.415  0.045 -0.122 154 80 80
-0.412  0.046 -0.120 147 58 54
-0.410  0.046 -0.117 155 67 59
-0.408  0.046 -0.115 160 63 56
-0.408  0.045 -0.113 164 66 59
-0.406  0.045 -0.111 172 71 57
-0.405  0.044 -0.109 183 111 53
-0.403  0.044 -0.106 213 146 50
-0.400  0.045 -0.104 226 170 54
-0.397  0.045 -0.101 228 171 51
-0.396  0.045 -0.099 232 172 51
-0.395  0.045 -0.097 235 175 53
-0.394  0.044 -0.095 231 182 83
-0.394  0.043 -0.093 214 199 137
-0.395  0.041 -0.092 208 205 154
-0.396  0.039 -0.091 212 213 157
-0.397  0.037 -0.090 194 191 139
-0.399  0.035 -0.089 168 172 103
-0.399  0.034 -0.087 189 197 136
-0.400  0.032 -0.086 219 191 128
-0.401  0.030 -0.084 240 186 71
-0.402  0.028 -0.083 254 186 58
-0.402  0.027 -0.081 247 180 64
-0.404  0.024 -0.080 198 147 67
-0.405  0.022 -0.079 162 177 86
-0.406  0.020 -0.078 151 189 91
-0.407  0.018 -0.076 153 186 97
-0.412  0.014 -0.076 157 179 113
-0.416  0.009 -0.075 153 155 131
-0.417  0.008 -0.074 149 151 138
-0.418  0.005 -0.072 148 149 136
-0.419  0.004 -0.071 149 148 132
-0.420  0.002 -0.069 146 148 127
-0.420  0.000 -0.068 125 137 106
-0.420 -0.001 -0.066 149 182 99
-0.423 -0.005 -0.065 155 190 100
-0.426 -0.008 -0.064 172 186 109
-0.415  0.044 -0.126 155 107 94
-0.413  0.044 -0.123 119 63 56
-0.410  0.045 -0.120 99 44 37
-0.408  0.045 -0.118 133 53 50
-0.406  0.045 -0.115 154 64 56
-0.405  0.045 -0.113 160 58 60
-0.403  0.045 -0.111 162 65 62
-0.401  0.045 -0.109 168 66 59
-0.399  0.045 -0.106 179 89 55
-0.397  0.045 -0.104 205 135 49
-0.394  0.045 -0.101 225 171 54
-0.394  0.045 -0.100 230 171 47
-0.392  0.045 -0.097 231 172 48
-0.392  0.044 -0.096 236 175 51
-0.392  0.042 -0.094 237 184 59
-0.392  0.041 -0.093 237 178 61
-0.394  0.038 -0.092 237 185 70
-0.396  0.036 -0.091 236 180 73
-0.397  0.034 -0.089 231 185 61
-0.398  0.032 -0.088 240 184 55
-0.399  0.031 -0.087 250 182 52
-0.399  0.029 -0.085 255 183 53
-0.400  0.027 -0.084 244 177 63
-0.400  0.026 -0.082 213 113 64
-0.401  0.024 -0.081 188 89 81
-0.401  0.023 -0.079 165 146 97
-0.402  0.021 -0.078 160 188 102
-0.404  0.018 -0.077 156 181 108
-0.408  0.014 -0.076 152 159 129
-0.414  0.008 -0.076 150 152 139
-0.417  0.006 -0.075 149 149 138
-0.418  0.003 -0.074 149 148 133
-0.419  0.001 -0.072 147 149 128
-0.420 -0.001 -0.071 130 142 109
-0.421 -0.003 -0.069 136 156 86
-0.421 -0.004 -0.067 160 184 106
-0.424 -0.007 -0.066 161 192 111
-0.427 -0.011 -0.065 171 187 110
-0.413  0.044 -0.126 137 74 64
-0.410  0.044 -0.124 86 51 44
-0.408  0.044 -0.121 67 48 47
-0.406  0.044 -0.119 84 48 54
-0.403  0.045 -0.116 123 56 57
-0.402  0.045 -0.114 152 64 59
-0.399  0.045 -0.111 160 64 60
-0.398  0.045 -0.109 165 62 59
-0.396  0.045 -0.107 166 65 59
-0.394  0.045 -0.104 173 78 58
-0.392  0.045 -0.102 190 131 54
-0.391  0.044 -0.100 219 163 54
-0.390  0.044 -0.098 231 171 47
-0.390  0.043 -0.096 234 178 53
-0.390  0.042 -0.095 235 173 52
-0.391  0.040 -0.094 239 176 51
-0.392  0.038 -0.092 244 179 50
-0.393  0.036 -0.091 247 182 51
-0.395  0.033 -0.090 248 178 48
-0.396  0.031 -0.089 250 184 51
-0.397  0.030 -0.087 253 185 54
-0.397  0.028 -0.086 243 176 63
-0.397  0.027 -0.084 211 112 65
-0.397  0.026 -0.083 195 77 76
-0.397  0.025 -0.081 198 81 93
-0.398  0.023 -0.079 174 121 115
-0.399  0.021 -0.078 158 174 105
-0.402  0.018 -0.077 159 170 115
-0.406  0.014 -0.077 150 153 139
-0.412  0.007 -0.077 152 151 138
-0.415  0.005 -0.076 152 149 135
-0.417  0.002 -0.075 148 148 128
-0.418 -0.001 -0.073 133 146 113
-0.420 -0.003 -0.072 136 153 89
-0.421 -0.005 -0.070 152 178 107
-0.421 -0.006 -0.069 161 198 128
-0.423 -0.009 -0.067 157 189 117
-0.426 -0.013 -0.066 168 160 118
-0.412  0.043 -0.129 152 93 91
-0.410  0.043 -0.127 109 67 61
-0.408  0.043 -0.124 125 85 67
-0.406  0.043 -0.122 145 125 87
-0.405  0.043 -0.119 142 115 80
-0.401  0.044 -0.117 131 97 75
-0.399  0.044 -0.114 116 62 65
-0.397  0.044 -0.112 147 59 55
-0.395  0.045 -0.109 160 65 61
-0.393  0.044 -0.107 162 63 59
-0.392  0.044 -0.105 163 64 61
-0.390  0.044 -0.103 169 71 60
-0.389  0.043 -0.101 182 114 56
-0.388  0.043 -0.099 216 148 51
-0.388  0.042 -0.097 230 170 53
-0.388  0.041 -0.096 234 174 49
-0.389  0.039 -0.094 237 172 47
-0.390  0.037 -0.093 242 177 48
-0.391  0.035 -0.092 247 174 46
-0.393  0.032 -0.091 250 179 48
-0.395  0.030 -0.090 253 178 51
-0.395  0.029 -0.088 240 173 62
-0.395  0.028 -0.087 210 113 65
-0.395  0.027 -0.085 192 78 75
-0.395  0.025 -0.083 192 78 83
-0.395  0.024 -0.082 199 98 96
-0.395  0.023 -0.080 186 93 94
-0.396  0.021 -0.079 157 157 95
-0.399  0.017 -0.078 157 168 122
-0.403  0.013 -0.077 150 153 137
-0.411  0.006 -0.078 150 151 137
-0.414  0.003 -0.077 150 149 134
-0.417 -0.001 -0.076 140 148 120
-0.419 -0.003 -0.075 139 144 99
-0.420 -0.006 -0.073 156 176 105
-0.422 -0.008 -0.072 161 197 125
-0.422 -0.010 -0.070 161 199 117
-0.425 -0.013 -0.069 167 189 121
-0.427 -0.016 -0.068 179 185 134
-0.414  0.045 -0.138 163 75 72
-0.413  0.044 -0.136 172 100 86
-0.409  0.043 -0.129 129 81 70
-0.408  0.042 -0.127 132 110 80
-0.406  0.042 -0.125 146 146 117
-0.404  0.042 -0.122 114 119 105
-0.403  0.042 -0.120 96 106 87
-0.400  0.043 -0.117 108 123 103
-0.397  0.043 -0.115 128 110 92
-0.395  0.044 -0.112 112 63 60
-0.393  0.044 -0.110 143 58 57
-0.391  0.044 -0.108 157 63 60
-0.389  0.044 -0.105 159 68 61
-0.388  0.044 -0.103 164 63 61
-0.387  0.043 -0.101 170 68 60
-0.387  0.042 -0.100 182 92 57
-0.387  0.041 -0.098 210 140 50
-0.387  0.039 -0.097 227 169 51
-0.388  0.038 -0.095 236 176 52
-0.389  0.036 -0.094 240 172 45
-0.390  0.034 -0.093 246 176 46
-0.392  0.032 -0.092 248 176 51
-0.393  0.029 -0.090 242 172 60
-0.393  0.028 -0.089 210 116 65
-0.393  0.027 -0.087 188 80 77
-0.393  0.026 -0.086 190 76 81
-0.394  0.024 -0.084 192 91 94
-0.394  0.023 -0.083 175 90 98
-0.394  0.021 -0.081 183 85 85
-0.395  0.019 -0.080 161 144 92
-0.398  0.016 -0.079 157 170 118
-0.403  0.011 -0.079 152 151 138
-0.411  0.004 -0.079 152 152 137
-0.414  0.001 -0.078 145 148 128
-0.417 -0.003 -0.077 139 137 107
-0.419 -0.006 -0.076 155 174 107
-0.421 -0.008 -0.075 160 199 127
-0.422 -0.011 -0.073 161 197 120
-0.423 -0.013 -0.072 136 157 115
-0.425 -0.016 -0.071 147 147 121
-0.427 -0.019 -0.069 178 177 120
-0.414  0.043 -0.140 155 62 67
-0.412  0.042 -0.137 161 68 63
-0.411  0.042 -0.135 163 83 72
-0.410  0.042 -0.133 151 78 67
-0.408  0.041 -0.130 131 86 73
-0.407  0.041 -0.128 152 144 105
-0.405  0.041 -0.126 144 125 107
-0.403  0.041 -0.123 95 129 100
-0.401  0.041 -0.121 68 98 87
-0.398  0.042 -0.118 90 70 75
-0.396  0.042 -0.116 131 122 86
-0.393  0.042 -0.113 105 116 97
-0.391  0.043 -0.111 104 52 35
-0.389  0.043 -0.108 134 54 55
-0.388  0.043 -0.106 155 64 60
-0.387  0.042 -0.104 161 67 64
-0.386  0.042 -0.102 164 63 60
-0.385  0.041 -0.100 168 71 63
-0.386  0.039 -0.099 178 82 57
-0.386  0.038 -0.097 198 132 51
-0.387  0.036 -0.096 226 165 53
-0.387  0.035 -0.095 238 168 45
-0.389  0.033 -0.094 246 172 48
-0.391  0.030 -0.093 240 167 59
-0.391  0.029 -0.091 209 117 61
-0.392  0.027 -0.090 192 78 75
-0.392  0.025 -0.088 189 78 81
-0.393  0.024 -0.087 190 94 93
-0.393  0.023 -0.085 179 99 109
-0.393  0.021 -0.084 144 110 123
-0.394  0.019 -0.082 177 78 79
-0.395  0.017 -0.081 163 132 90
-0.398  0.014 -0.080 161 174 114
-0.402  0.010 -0.080 154 150 137
-0.410  0.003 -0.080 148 148 132
-0.414 -0.002 -0.080 137 134 112
-0.417 -0.005 -0.079 145 170 100
-0.419 -0.008 -0.078 159 196 119
-0.421 -0.011 -0.076 158 198 122
-0.422 -0.013 -0.075 171 185 119
-0.422 -0.015 -0.073 162 184 115
-0.425 -0.018 -0.072 157 178 110
-0.427 -0.021 -0.071 174 179 114
-0.413  0.041 -0.141 153 96 80
-0.411  0.041 -0.138 156 62 61
-0.410  0.040 -0.136 160 64 63
-0.409  0.040 -0.134 144 70 66
-0.408  0.039 -0.132 144 111 82
-0.406  0.039 -0.129 155 150 109
-0.403  0.040 -0.127 132 142 108
-0.401  0.040 -0.124 91 122 105
-0.400  0.040 -0.122 77 124 114
-0.397  0.041 -0.119 84 97 93
-0.395  0.041 -0.117 148 137 98
-0.392  0.041 -0.114 147 145 112
-0.390  0.041 -0.112 91 54 53
-0.389  0.041 -0.110 86 44 39
-0.387  0.041 -0.107 110 59 54
-0.386  0.040 -0.105 145 60 57
-0.385  0.040 -0.103 158 64 61
-0.384  0.040 -0.101 163 67 64
-0.385  0.038 -0.100 165 71 65
-0.385  0.037 -0.098 173 76 62
-0.385  0.035 -0.097 190 122 58
-0.386  0.034 -0.096 225 156 53
-0.387  0.032 -0.094 235 164 58
-0.389  0.029 -0.093 209 115 61
-0.390  0.027 -0.092 192 78 72
-0.391  0.026 -0.091 189 78 80
-0.391  0.024 -0.089 194 93 93
-0.392  0.022 -0.088 180 100 114
-0.392  0.021 -0.086 167 147 138
-0.393  0.019 -0.085 143 136 129
-0.394  0.017 -0.084 179 74 73
-0.395  0.015 -0.082 165 115 85
-0.397  0.012 -0.081 163 178 112
-0.401  0.008 -0.081 149 151 134
-0.410  0.000 -0.082 134 140 115
-0.413 -0.004 -0.081 145 167 94
-0.416 -0.007 -0.080 153 190 106
-0.418 -0.010 -0.079 157 189 110
-0.420 -0.013 -0.077 133 174 114
-0.421 -0.014 -0.076 143 141 134
-0.422 -0.017 -0.074 159 177 113
-0.424 -0.020 -0.073 158 176 107
-0.427 -0.023 -0.072 176 176 112
-0.412  0.040 -0.142 158 117 95
-0.410  0.040 -0.139 160 65 68
-0.409  0.039 -0.137 162 99 76
-0.408  0.039 -0.135 141 67 72
-0.406  0.039 -0.133 145 117 87
-0.404  0.038 -0.130 149 142 109
-0.401  0.039 -0.127 108 133 117
-0.400  0.039 -0.125 77 119 110
-0.398  0.039 -0.123 97 123 109
-0.395  0.040 -0.120 87 122 103
-0.394  0.039 -0.118 152 151 110
-0.391  0.040 -0.115 167 159 115
-0.390  0.040 -0.113 92 85 77
-0.388  0.039 -0.111 61 49 30
-0.387  0.039 -0.109 71 53 36
-0.385  0.039 -0.106 93 57 42
-0.385  0.038 -0.105 131 57 58
-0.384  0.038 -0.103 153 67 63
-0.384  0.037 -0.101 161 75 69
-0.384  0.036 -0.099 169 80 77
-0.384  0.034 -0.098 169 79 89
-0.385  0.032 -0.097 186 102 69
-0.386  0.030 -0.095 196 99 56
-0.388  0.028 -0.094 189 77 72
-0.389  0.026 -0.093 190 77 81
-0.390  0.024 -0.092 194 86 92
-0.391  0.022 -0.091 183 99 114
-0.391  0.020 -0.089 165 147 143
-0.392  0.019 -0.088 155 151 140
-0.393  0.017 -0.086 150 145 128
-0.394  0.015 -0.085 168 72 75
-0.396  0.012 -0.084 165 102 86
-0.398  0.009 -0.083 164 178 110
-0.402  0.005 -0.082 131 152 118
-0.409 -0.002 -0.083 142 164 90
-0.412 -0.005 -0.082 153 187 102
-0.415 -0.009 -0.081 154 189 112
-0.417 -0.012 -0.080 170 176 113
-0.420 -0.015 -0.079 159 173 100
-0.420 -0.017 -0.077 144 167 108
-0.423 -0.020 -0.076 143 165 103
-0.425 -0.023 -0.075 153 173 105
-0.427 -0.026 -0.074 179 176 115
-0.411  0.038 -0.143 163 82 82
-0.409  0.038 -0.140 162 66 70
-0.407  0.038 -0.138 157 62 66
-0.406  0.038 -0.136 150 64 66
-0.404  0.038 -0.133 143 105 81
-0.402  0.038 -0.131 135 123 102
-0.399  0.039 -0.128 84 91 94
-0.397  0.039 -0.125 80 71 54
-0.396  0.038 -0.123 91 98 76
-0.393  0.039 -0.121 89 126 104
-0.392  0.038 -0.118 153 149 109
-0.390  0.038 -0.116 166 160 116
-0.389  0.038 -0.114 95 107 99
-0.387  0.038 -0.112 60 45 25
-0.386  0.038 -0.110 61 53 30
-0.384  0.038 -0.107 63 49 36
-0.384  0.037 -0.106 83 52 45
-0.383  0.036 -0.104 109 61 56
-0.383  0.035 -0.102 145 62 64
-0.383  0.034 -0.100 161 115 98
-0.383  0.033 -0.099 193 145 132
-0.384  0.031 -0.098 195 116 96
-0.385  0.029 -0.096 184 68 68
-0.387  0.026 -0.095 205 100 85
-0.388  0.024 -0.094 198 89 102
-0.389  0.022 -0.093 185 97 112
-0.390  0.021 -0.092 168 145 136
-0.391  0.019 -0.090 154 151 145
-0.392  0.017 -0.089 150 149 140
-0.393  0.015 -0.088 153 146 126
-0.395  0.012 -0.087 152 77 82
-0.396  0.010 -0.085 168 95 88
-0.399  0.007 -0.085 164 170 99
-0.402  0.003 -0.084 150 175 100
-0.409 -0.004 -0.084 153 185 102
-0.412 -0.007 -0.083 156 185 103
-0.415 -0.011 -0.082 132 175 111
-0.417 -0.014 -0.081 120 133 131
-0.419 -0.017 -0.080 115 127 95
-0.420 -0.019 -0.078 102 104 74
-0.423 -0.022 -0.078 108 106 76
-0.425 -0.025 -0.076 140 147 92
-0.427 -0.028 -0.075 147 159 111
-0.410  0.037 -0.146 164 91 82
-0.409  0.037 -0.143 155 75 71
-0.407  0.037 -0.141 148 61 69
-0.405  0.037 -0.138 141 58 68
-0.403  0.037 -0.136 137 61 65
-0.401  0.038 -0.133 135 80 71
-0.399  0.038 -0.131 135 117 92
-0.396  0.038 -0.128 110 102 92
-0.395  0.038 -0.126 75 65 61
-0.392  0.038 -0.123 64 67 67
-0.392  0.038 -0.121 83 108 91
-0.390  0.038 -0.119 153 152 108
-0.389  0.037 -0.117 166 156 116
-0.388  0.037 -0.115 97 115 106
-0.386  0.037 -0.113 53 38 44
-0.385  0.036 -0.111 48 44 58
-0.384  0.036 -0.109 48 49 59
-0.383  0.035 -0.107 53 48 45
-0.382  0.035 -0.105 73 54 36
-0.382  0.033 -0.103 91 57 50
-0.382  0.032 -0.102 127 65 62
-0.382  0.031 -0.100 170 75 73
-0.383  0.030 -0.099 174 84 81
-0.384  0.028 -0.097 178 67 74
-0.386  0.025 -0.096 202 76 89
-0.388  0.022 -0.095 190 96 116
-0.389  0.020 -0.094 172 147 133
-0.391  0.018 -0.093 155 153 143
-0.391  0.016 -0.092 153 150 139
-0.393  0.014 -0.091 148 146 136
-0.394  0.012 -0.089 152 145 126
-0.396  0.009 -0.088 139 90 89
-0.397  0.007 -0.087 168 89 84
-0.399  0.004 -0.086 162 158 91
-0.403  0.000 -0.085 155 183 102
-0.409 -0.006 -0.085 150 181 108
-0.412 -0.009 -0.085 163 168 107
-0.415 -0.013 -0.084 154 147 89
-0.417 -0.016 -0.083 119 106 81
-0.419 -0.019 -0.081 83 78 66
-0.420 -0.021 -0.080 68 74 67
-0.423 -0.025 -0.079 87 79 62
-0.424 -0.027 -0.077 119 111 77
-0.427 -0.030 -0.076 109 111 95
-0.411  0.036 -0.149 151 94 95
-0.409  0.036 -0.147 132 85 88
-0.407  0.036 -0.144 121 96 91
-0.405  0.036 -0.142 112 104 99
-0.404  0.036 -0.139 109 101 98
-0.401  0.036 -0.137 111 86 89
-0.399  0.037 -0.134 125 67 74
-0.397  0.037 -0.131 135 89 72
-0.394  0.037 -0.129 131 117 95
-0.393  0.037 -0.127 106 100 89
-0.391  0.037 -0.124 66 61 67
-0.390  0.037 -0.122 87 100 86
-0.388  0.037 -0.120 152 160 116
-0.388  0.036 -0.118 165 155 116
-0.387  0.035 -0.116 138 134 109
-0.386  0.035 -0.114 135 114 81
-0.385  0.035 -0.112 135 128 94
-0.383  0.034 -0.110 138 125 94
-0.382  0.034 -0.108 131 106 79
-0.381  0.033 -0.106 81 77 59
-0.381  0.032 -0.104 60 42 51
-0.381  0.031 -0.103 81 46 34
-0.382  0.029 -0.101 101 53 43
-0.382  0.028 -0.100 151 60 62
-0.383  0.026 -0.099 175 66 71
-0.385  0.023 -0.098 190 83 91
-0.387  0.021 -0.097 175 139 121
-0.390  0.017 -0.096 155 153 143
-0.392  0.015 -0.095 150 151 141
-0.392  0.013 -0.094 150 146 136
-0.394  0.011 -0.092 147 143 132
-0.395  0.009 -0.091 148 137 123
-0.397  0.006 -0.090 137 82 93
-0.398  0.004 -0.089 171 83 84
-0.400  0.001 -0.088 163 141 91
-0.403 -0.003 -0.087 155 181 106
-0.409 -0.008 -0.087 138 175 113
-0.412 -0.012 -0.086 118 147 131
-0.414 -0.015 -0.085 103 112 101
-0.417 -0.019 -0.084 82 79 70
-0.419 -0.022 -0.083 68 65 55
-0.420 -0.024 -0.081 67 73 62
-0.424 -0.028 -0.081 75 76 64
-0.425 -0.030 -0.079 88 87 70
-0.427 -0.033 -0.078 95 94 90
-0.411  0.035 -0.153 119 128 115
-0.409  0.035 -0.150 102 123 128
-0.407  0.035 -0.148 89 131 137
-0.406  0.035 -0.145 83 138 141
-0.403  0.035 -0.143 77 145 148
-0.401  0.036 -0.140 80 148 152
-0.400  0.035 -0.137 87 142 150
-0.397  0.036 -0.135 100 98 115
-0.395  0.036 -0.132 127 66 71
-0.392  0.037 -0.129 138 88 75
-0.391  0.037 -0.127 129 114 93
-0.389  0.036 -0.125 91 96 91
-0.388  0.036 -0.123 113 102 90
-0.387  0.035 -0.121 152 158 119
-0.387  0.035 -0.119 155 154 118
-0.386  0.034 -0.117 138 148 116
-0.385  0.033 -0.115 129 143 115
-0.383  0.033 -0.113 131 143 116
-0.383  0.033 -0.111 151 152 115
-0.382  0.032 -0.109 162 164 119
-0.381  0.031 -0.107 149 148 112
-0.381  0.030 -0.105 112 104 82
-0.381  0.029 -0.104 69 37 53
-0.381  0.028 -0.102 70 36 33
-0.381  0.026 -0.101 143 56 57
-0.382  0.024 -0.100 172 70 75
-0.384  0.022 -0.099 178 100 103
-0.387  0.019 -0.098 162 153 142
-0.390  0.015 -0.097 151 151 142
-0.392  0.012 -0.096 151 145 136
-0.393  0.010 -0.095 147 142 132
-0.395  0.008 -0.094 147 139 129
-0.396  0.006 -0.093 135 112 109
-0.398  0.003 -0.092 163 76 81
-0.399  0.001 -0.090 188 93 98
-0.401 -0.002 -0.089 169 118 96
-0.404 -0.006 -0.089 161 169 108
-0.409 -0.010 -0.088 156 136 98
-0.412 -0.014 -0.087 108 122 82
-0.414 -0.017 -0.086 73 76 66
-0.416 -0.020 -0.085 66 57 54
-0.419 -0.024 -0.084 62 63 55
-0.420 -0.026 -0.083 60 50 41
-0.423 -0.030 -0.082 65 51 39
-0.424 -0.032 -0.080 74 66 56
-0.427 -0.035 -0.079 102 98 84
-0.411  0.036 -0.158 119 141 130
-0.410  0.035 -0.155 95 141 138
-0.408  0.035 -0.153 79 140 141
-0.408  0.034 -0.151 74 145 149
-0.406  0.034 -0.149 71 151 156
-0.405  0.033 -0.146 69 154 159
-0.402  0.034 -0.144 66 159 165
-0.401  0.034 -0.141 68 158 168
-0.398  0.034 -0.138 70 153 163
-0.396  0.034 -0.136 76 134 144
-0.393  0.035 -0.133 95 104 110
-0.391  0.035 -0.130 116 88 82
-0.389  0.035 -0.128 137 82 81
-0.388  0.035 -0.126 121 108 87
-0.387  0.034 -0.124 114 126 87
-0.386  0.034 -0.122 144 150 113
-0.385  0.034 -0.120 155 148 112
-0.385  0.033 -0.118 130 132 106
-0.383  0.032 -0.116 102 108 93
-0.382  0.032 -0.114 104 100 83
-0.382  0.031 -0.112 115 101 83
-0.381  0.031 -0.110 104 110 92
-0.380  0.030 -0.108 129 134 116
-0.380  0.029 -0.106 151 154 113
-0.380  0.028 -0.105 110 106 93
-0.380  0.027 -0.103 90 38 46
-0.381  0.025 -0.102 146 60 65
-0.382  0.023 -0.101 172 68 84
-0.384  0.020 -0.100 171 130 118
-0.386  0.017 -0.099 155 149 141
-0.390  0.013 -0.099 151 149 137
-0.392  0.010 -0.098 149 147 133
-0.394  0.008 -0.097 146 137 129
-0.396  0.005 -0.096 136 120 112
-0.397  0.003 -0.095 158 80 86
-0.399 -0.000 -0.094 188 87 85
-0.400 -0.003 -0.092 197 86 91
-0.403 -0.005 -0.091 180 97 100
-0.405 -0.009 -0.090 145 169 124
-0.410 -0.014 -0.090 118 139 115
-0.412 -0.017 -0.089 104 87 64
-0.413 -0.019 -0.088 89 86 64
-0.416 -0.022 -0.086 66 63 57
-0.418 -0.025 -0.085 51 46 42
-0.419 -0.028 -0.084 52 44 39
-0.423 -0.032 -0.083 64 59 49
-0.424 -0.034 -0.082 77 72 60
-0.426 -0.038 -0.080 108 100 82
-0.411  0.036 -0.163 124 143 125
-0.410  0.035 -0.160 96 141 134
-0.408  0.035 -0.158 82 143 143
-0.407  0.035 -0.156 83 152 153
-0.406  0.034 -0.154 83 159 157
-0.405  0.033 -0.152 69 151 160
-0.405  0.033 -0.149 67 156 163
-0.404  0.032 -0.147 67 157 166
-0.402  0.032 -0.145 64 155 165
-0.400  0.032 -0.143 65 152 160
-0.398  0.032 -0.140 66 151 157
-0.396  0.032 -0.137 67 147 153
-0.394  0.033 -0.135 72 142 143
-0.391  0.034 -0.132 84 128 126
-0.388  0.034 -0.129 108 97 100
-0.387  0.034 -0.127 131 80 85
-0.385  0.034 -0.125 123 103 84
-0.384  0.033 -0.122 135 133 104
-0.384  0.032 -0.121 130 138 113
-0.383  0.032 -0.119 96 119 109
-0.382  0.031 -0.117 65 77 87
-0.381  0.030 -0.115 99 58 48
-0.381  0.030 -0.113 84 82 70
-0.380  0.029 -0.111 80 118 97
-0.379  0.029 -0.109 128 92 82
-0.379  0.027 -0.107 156 146 98
-0.379  0.026 -0.106 147 150 117
-0.379  0.025 -0.104 123 68 65
-0.380  0.023 -0.103 156 61 68
-0.381  0.021 -0.102 167 76 91
-0.384  0.018 -0.101 160 144 132
-0.385  0.015 -0.100 151 146 136
-0.389  0.011 -0.100 149 142 132
-0.392  0.008 -0.099 147 139 130
-0.394  0.005 -0.098 136 122 112
-0.397  0.002 -0.098 158 84 85
-0.398 -0.001 -0.096 187 86 86
-0.401 -0.004 -0.096 194 85 90
-0.402 -0.006 -0.094 198 85 88
-0.404 -0.009 -0.093 179 87 84
-0.407 -0.012 -0.092 140 141 88
-0.410 -0.016 -0.091 84 89 76
-0.412 -0.019 -0.090 77 80 62
-0.413 -0.021 -0.089 71 84 59
-0.415 -0.024 -0.088 56 51 38
-0.418 -0.028 -0.087 50 46 34
-0.419 -0.030 -0.085 63 62 52
-0.422 -0.034 -0.084 74 71 64
-0.424 -0.037 -0.083 83 78 69
-0.426 -0.040 -0.082 103 93 80
-0.413  0.035 -0.169 140 149 122
-0.410  0.035 -0.166 108 140 130
-0.409  0.035 -0.163 85 140 138
-0.407  0.035 -0.161 84 147 146
-0.405  0.035 -0.158 103 156 159
-0.404  0.035 -0.156 90 173 170
-0.404  0.033 -0.154 75 159 166
-0.403  0.033 -0.152 67 155 168
-0.403  0.031 -0.151 67 158 168
-0.403  0.031 -0.148 72 158 166
-0.402  0.030 -0.146 68 152 157
-0.400  0.030 -0.144 68 149 154
-0.398  0.030 -0.142 68 151 155
-0.396  0.030 -0.139 70 149 151
-0.394  0.030 -0.136 82 151 149
-0.390  0.032 -0.133 84 149 136
-0.387  0.032 -0.130 80 134 136
-0.385  0.033 -0.127 96 110 119
-0.384  0.032 -0.126 121 90 87
-0.383  0.032 -0.123 132 103 90
-0.381  0.032 -0.121 129 119 96
-0.381  0.031 -0.119 112 116 92
-0.380  0.030 -0.117 64 68 70
-0.380  0.030 -0.116 84 63 57
-0.379  0.029 -0.114 65 67 64
-0.379  0.028 -0.112 76 110 89
-0.378  0.027 -0.110 144 122 100
-0.379  0.026 -0.109 161 160 124
-0.378  0.025 -0.107 157 154 118
-0.379  0.023 -0.106 145 76 80
-0.379  0.021 -0.104 166 61 69
-0.381  0.019 -0.103 170 85 97
-0.383  0.016 -0.102 157 151 140
-0.385  0.013 -0.101 146 141 130
-0.389  0.009 -0.101 150 136 126
-0.393  0.005 -0.101 140 117 114
-0.395  0.002 -0.100 157 85 89
-0.398 -0.001 -0.099 188 86 85
-0.400 -0.004 -0.098 198 83 89
-0.402 -0.007 -0.097 194 79 86
-0.403 -0.010 -0.096 186 84 85
-0.405 -0.012 -0.095 163 81 75
-0.407 -0.015 -0.094 109 97 74
-0.409 -0.018 -0.093 65 57 49
-0.411 -0.021 -0.092 64 63 45
-0.412 -0.023 -0.090 52 52 40
-0.414 -0.026 -0.089 46 47 35
-0.416 -0.029 -0.088 62 63 49
-0.419 -0.032 -0.087 84 73 68
-0.422 -0.036 -0.086 92 104 85
-0.423 -0.039 -0.084 100 101 88
-0.425 -0.042 -0.083 111 96 85
-0.411  0.035 -0.171 131 147 124
-0.409  0.035 -0.169 101 146 133
-0.408  0.035 -0.166 87 144 142
-0.406  0.035 -0.164 83 153 151
-0.405  0.035 -0.161 90 171 161
-0.402  0.035 -0.158 92 156 168
-0.401  0.035 -0.156 76 163 170
-0.400  0.034 -0.154 68 159 171
-0.400  0.033 -0.152 85 170 174
-0.402  0.030 -0.151 135 193 179
-0.402  0.029 -0.150 144 193 180
-0.401  0.028 -0.148 117 178 168
-0.400  0.027 -0.146 81 152 157
-0.399  0.027 -0.143 71 148 152
-0.397  0.027 -0.141 85 152 144
-0.394  0.028 -0.138 135 167 132
-0.390  0.030 -0.134 113 161 110
-0.386  0.031 -0.131 88 150 139
-0.384  0.031 -0.128 81 140 138
-0.383  0.031 -0.126 91 125 127
-0.381  0.031 -0.124 113 98 97
-0.380  0.030 -0.122 135 89 87
-0.380  0.030 -0.120 130 115 93
-0.379  0.029 -0.118 115 114 92
-0.379  0.028 -0.117 95 91 74
-0.378  0.028 -0.115 59 48 66
-0.378  0.026 -0.113 69 95 79
-0.377  0.026 -0.111 148 140 107
-0.378  0.024 -0.110 164 159 124
-0.378  0.023 -0.108 153 142 110
-0.379  0.021 -0.107 154 71 75
-0.380  0.019 -0.106 173 63 71
-0.381  0.017 -0.105 169 105 99
-0.383  0.014 -0.104 152 143 135
-0.385  0.011 -0.103 148 136 125
-0.389  0.007 -0.103 143 117 111
-0.393  0.003 -0.102 161 81 88
-0.396 -0.001 -0.102 189 84 87
-0.399 -0.005 -0.101 200 86 93
-0.401 -0.008 -0.100 198 84 86
-0.403 -0.010 -0.099 186 80 83
-0.405 -0.013 -0.098 172 69 75
-0.406 -0.015 -0.097 123 70 62
-0.407 -0.018 -0.095 75 55 41
-0.409 -0.020 -0.094 58 44 38
-0.410 -0.023 -0.093 48 50 54
-0.412 -0.025 -0.091 44 43 41
-0.413 -0.028 -0.090 67 74 56
-0.415 -0.031 -0.089 86 80 73
-0.417 -0.033 -0.088 90 93 92
-0.420 -0.037 -0.087 99 107 100
-0.421 -0.040 -0.085 112 107 97
-0.424 -0.043 -0.084 133 109 91
-0.410  0.035 -0.174 126 145 126
-0.408  0.035 -0.171 92 141 135
-0.406  0.035 -0.168 76 142 142
-0.405  0.034 -0.166 78 146 144
-0.403  0.035 -0.163 88 154 145
-0.402  0.034 -0.161 87 160 152
-0.399  0.035 -0.158 74 152 164
-0.397  0.035 -0.156 69 158 171
-0.397  0.034 -0.154 72 162 171
-0.397  0.032 -0.152 98 179 179
-0.399  0.030 -0.152 137 206 199
-0.402  0.027 -0.151 140 209 202
-0.402  0.025 -0.149 115 187 187
-0.402  0.024 -0.148 82 154 160
-0.401  0.024 -0.146 73 153 152
-0.398  0.024 -0.143 87 156 140
-0.395  0.025 -0.140 124 162 122
-0.390  0.028 -0.136 126 160 121
-0.387  0.029 -0.133 142 167 125
-0.383  0.030 -0.130 101 154 125
-0.381  0.030 -0.127 76 152 149
-0.379  0.030 -0.125 85 134 131
-0.378  0.030 -0.123 104 100 109
-0.378  0.029 -0.121 132 78 87
-0.377  0.028 -0.119 133 108 86
-0.377  0.027 -0.117 125 123 96
-0.376  0.027 -0.115 98 89 89
-0.377  0.025 -0.114 88 78 92
-0.377  0.024 -0.112 151 151 117
-0.377  0.022 -0.111 159 153 118
-0.378  0.021 -0.110 146 131 103
-0.379  0.019 -0.108 158 63 69
-0.379  0.017 -0.107 176 66 76
-0.381  0.014 -0.106 165 120 106
-0.383  0.012 -0.105 149 134 124
-0.385  0.009 -0.104 144 112 109
-0.389  0.005 -0.104 162 80 88
-0.393  0.000 -0.104 189 78 88
-0.397 -0.004 -0.103 201 83 95
-0.400 -0.008 -0.103 200 82 88
-0.402 -0.011 -0.102 188 82 83
-0.404 -0.014 -0.101 177 69 73
-0.406 -0.016 -0.100 155 61 65
-0.407 -0.019 -0.098 97 46 38
-0.409 -0.021 -0.097 52 37 30
-0.409 -0.023 -0.096 50 49 36
-0.410 -0.025 -0.094 45 45 41
-0.411 -0.027 -0.092 53 53 51
-0.413 -0.030 -0.091 73 81 76
-0.414 -0.032 -0.090 86 99 91
-0.416 -0.036 -0.089 98 113 106
-0.418 -0.038 -0.088 109 116 109
-0.420 -0.041 -0.086 112 110 106
-0.406  0.037 -0.175 126 146 124
-0.405  0.036 -0.173 89 138 134
-0.404  0.036 -0.171 72 137 137
-0.403  0.035 -0.169 82 140 132
-0.402  0.034 -0.166 112 147 118
-0.400  0.034 -0.164 135 153 106
-0.399  0.034 -0.162 121 148 115
-0.396  0.034 -0.158 85 151 145
-0.395  0.034 -0.156 71 157 166
-0.395  0.033 -0.154 73 155 160
-0.394  0.032 -0.153 86 161 165
-0.397  0.029 -0.152 96 170 171
-0.400  0.026 -0.152 96 171 171
-0.401  0.024 -0.151 90 163 167
-0.400  0.023 -0.149 79 154 157
-0.400  0.022 -0.147 75 153 152
-0.398  0.022 -0.144 83 148 144
-0.395  0.023 -0.141 118 155 132
-0.390  0.025 -0.137 154 167 117
-0.386  0.027 -0.134 140 163 108
-0.382  0.029 -0.131 124 161 132
-0.380  0.029 -0.128 131 162 136
-0.378  0.029 -0.125 91 152 143
-0.376  0.029 -0.123 78 137 146
-0.376  0.029 -0.121 99 99 117
-0.375  0.027 -0.120 123 75 83
-0.375  0.026 -0.118 140 87 77
-0.375  0.025 -0.116 125 106 93
-0.376  0.024 -0.115 112 92 96
-0.376  0.022 -0.114 142 128 105
-0.377  0.020 -0.112 149 141 110
-0.378  0.018 -0.111 140 109 92
-0.378  0.017 -0.110 164 61 68
-0.380  0.015 -0.109 178 71 86
-0.381  0.012 -0.107 160 126 114
-0.383  0.010 -0.106 141 109 107
-0.385  0.007 -0.106 161 80 86
-0.389  0.002 -0.106 187 74 86
-0.393 -0.002 -0.105 199 81 97
-0.396 -0.006 -0.105 198 80 88
-0.400 -0.010 -0.104 194 84 84
-0.402 -0.013 -0.103 180 73 83
-0.404 -0.016 -0.102 168 62 70
-0.405 -0.018 -0.101 119 52 59
-0.407 -0.021 -0.100 67 35 30
-0.408 -0.023 -0.099 45 35 29
-0.409 -0.025 -0.097 42 39 32
-0.409 -0.026 -0.095 45 40 36
-0.410 -0.029 -0.094 67 67 58
-0.412 -0.031 -0.092 96 86 75
-0.412 -0.033 -0.091 108 108 94
-0.416 -0.038 -0.090 117 121 107
-0.417 -0.040 -0.089 121 115 104
-0.420 -0.044 -0.088 122 109 106
-0.403  0.038 -0.177 130 147 122
-0.401  0.038 -0.174 91 139 132
-0.401  0.036 -0.173 74 136 136
-0.400  0.036 -0.170 77 136 131
-0.399  0.035 -0.168 112 141 109
-0.399  0.034 -0.167 163 152 79
-0.398  0.034 -0.164 184 156 67
-0.397  0.033 -0.162 165 153 84
-0.393  0.034 -0.158 113 152 126
-0.392  0.034 -0.156 74 155 165
-0.391  0.033 -0.154 68 152 160
-0.393  0.031 -0.153 71 149 155
-0.395  0.028 -0.153 73 151 154
-0.398  0.025 -0.153 73 151 155
-0.399  0.023 -0.151 76 150 155
-0.399  0.021 -0.150 74 151 153
-0.399  0.020 -0.148 75 151 148
-0.398  0.019 -0.146 79 147 143
-0.395  0.021 -0.143 97 152 142
-0.389  0.023 -0.139 121 158 129
-0.386  0.025 -0.135 113 159 132
-0.382  0.027 -0.132 125 167 121
-0.379  0.028 -0.129 123 157 127
-0.377  0.028 -0.126 83 155 159
-0.375  0.028 -0.124 75 158 165
-0.374  0.028 -0.122 139 152 155
-0.374  0.027 -0.120 122 123 123
-0.374  0.025 -0.119 122 74 77
-0.374  0.024 -0.117 131 70 78
-0.375  0.022 -0.116 135 82 76
-0.375  0.021 -0.115 136 102 93
-0.376  0.019 -0.114 135 109 92
-0.377  0.017 -0.112 154 77 74
-0.378  0.015 -0.111 176 63 71
-0.379  0.013 -0.110 181 75 95
-0.380  0.011 -0.109 148 99 103
-0.382  0.008 -0.108 154 77 82
-0.384  0.005 -0.107 186 71 84
-0.388  0.001 -0.106 198 80 92
-0.392 -0.003 -0.106 197 82 88
-0.395 -0.007 -0.106 192 84 88
-0.399 -0.011 -0.105 193 80 90
-0.402 -0.015 -0.105 180 71 85
-0.404 -0.018 -0.104 158 56 66
-0.405 -0.020 -0.102 99 36 37
-0.407 -0.024 -0.101 54 35 25
-0.408 -0.025 -0.100 44 39 27
-0.408 -0.027 -0.098 38 36 26
-0.408 -0.028 -0.096 49 42 36
-0.410 -0.031 -0.095 71 71 66
-0.410 -0.033 -0.094 97 84 86
-0.413 -0.036 -0.092 116 117 99
-0.416 -0.040 -0.092 112 122 108
-0.416 -0.042 -0.090 111 122 106
-0.420 -0.046 -0.089 139 132 106
-0.401  0.037 -0.178 119 145 124
-0.398  0.038 -0.174 83 136 132
-0.398  0.036 -0.172 71 133 134
-0.397  0.036 -0.170 86 134 123
-0.397  0.035 -0.169 137 144 90
-0.397  0.033 -0.167 187 156 55
-0.395  0.033 -0.164 200 157 52
-0.394  0.033 -0.162 183 161 73
-0.391  0.034 -0.159 125 156 121
-0.390  0.033 -0.157 73 157 168
-0.390  0.032 -0.155 63 152 163
-0.391  0.030 -0.154 65 146 154
-0.393  0.027 -0.153 66 148 154
-0.396  0.024 -0.153 68 148 156
-0.398  0.022 -0.152 70 150 154
-0.399  0.019 -0.151 71 151 153
-0.399  0.018 -0.150 70 151 153
-0.397  0.018 -0.147 71 150 151
-0.394  0.019 -0.144 75 153 155
-0.388  0.022 -0.140 80 155 152
-0.385  0.023 -0.137 84 157 154
-0.381  0.025 -0.133 92 160 145
-0.378  0.026 -0.130 85 158 151
-0.376  0.027 -0.127 74 159 166
-0.374  0.027 -0.125 75 161 172
-0.373  0.026 -0.123 124 175 176
-0.373  0.025 -0.121 93 152 158
-0.373  0.024 -0.120 91 127 125
-0.373  0.022 -0.118 104 93 107
-0.374  0.021 -0.117 129 57 65
-0.374  0.019 -0.116 135 67 68
-0.375  0.017 -0.115 143 69 68
-0.376  0.016 -0.113 168 67 69
-0.377  0.013 -0.112 189 73 69
-0.378  0.011 -0.111 188 93 86
-0.379  0.009 -0.110 167 72 86
-0.381  0.006 -0.109 180 68 77
-0.383  0.004 -0.108 194 79 94
-0.386  0.000 -0.107 196 79 88
-0.391 -0.005 -0.107 193 83 84
-0.395 -0.009 -0.107 189 85 94
-0.398 -0.013 -0.107 191 89 104
-0.401 -0.017 -0.106 186 84 89
-0.404 -0.021 -0.105 134 54 66
-0.405 -0.023 -0.104 84 32 29
-0.407 -0.026 -0.103 58 44 27
-0.408 -0.028 -0.101 43 38 23
-0.407 -0.029 -0.099 41 33 23
-0.408 -0.031 -0.098 59 51 38
-0.409 -0.032 -0.096 82 77 70
-0.411 -0.036 -0.095 95 93 101
-0.412 -0.038 -0.094 105 114 106
-0.415 -0.042 -0.093 112 123 108
-0.417 -0.045 -0.092 126 123 110
-0.395  0.037 -0.174 115 141 125
-0.395  0.036 -0.173 87 132 128
-0.394  0.035 -0.171 84 130 118
-0.394  0.034 -0.169 132 141 88
-0.394  0.033 -0.167 186 154 59
-0.393  0.033 -0.165 198 156 60
-0.392  0.032 -0.163 171 157 82
-0.389  0.033 -0.159 111 152 130
-0.387  0.033 -0.157 71 153 170
-0.387  0.032 -0.155 62 147 159
-0.389  0.029 -0.155 61 145 153
-0.390  0.027 -0.154 63 146 154
-0.394  0.023 -0.154 65 146 155
-0.395  0.021 -0.153 68 149 154
-0.397  0.018 -0.152 68 152 155
-0.396  0.018 -0.150 67 152 157
-0.395  0.017 -0.148 67 152 156
-0.392  0.018 -0.145 67 154 159
-0.387  0.021 -0.141 67 157 162
-0.384  0.021 -0.138 68 157 163
-0.380  0.023 -0.134 71 158 164
-0.377  0.024 -0.131 69 160 167
-0.375  0.025 -0.128 69 161 169
-0.373  0.025 -0.126 70 161 169
-0.372  0.025 -0.124 82 162 167
-0.372  0.024 -0.122 75 152 158
-0.372  0.022 -0.121 81 158 156
-0.372  0.021 -0.119 89 150 154
-0.373  0.020 -0.118 110 72 91
-0.373  0.018 -0.117 133 53 56
-0.374  0.016 -0.116 154 60 61
-0.375  0.014 -0.114 176 70 76
-0.376  0.012 -0.113 176 67 80
-0.377  0.010 -0.112 175 100 82
-0.378  0.008 -0.111 187 74 89
-0.380  0.005 -0.110 191 70 78
-0.382  0.002 -0.109 192 77 90
-0.385 -0.002 -0.108 194 80 87
-0.390 -0.007 -0.109 191 84 89
-0.394 -0.011 -0.108 192 109 102
-0.398 -0.016 -0.108 192 110 103
-0.401 -0.019 -0.107 188 92 86
-0.403 -0.022 -0.106 116 63 67
-0.404 -0.025 -0.105 68 38 29
-0.406 -0.027 -0.104 60 48 28
-0.406 -0.029 -0.102 45 34 24
-0.407 -0.031 -0.101 45 31 25
-0.408 -0.033 -0.099 68 57 46
-0.408 -0.035 -0.098 95 82 71
-0.411 -0.038 -0.097 97 101 97
-0.412 -0.040 -0.095 107 113 105
-0.415 -0.044 -0.094 117 112 111
-0.417 -0.047 -0.093 150 130 114
-0.394  0.035 -0.174 127 137 119
-0.393  0.034 -0.171 96 127 117
-0.393  0.033 -0.170 110 129 101
-0.392  0.032 -0.168 148 144 86
-0.390  0.032 -0.165 153 150 92
-0.390  0.031 -0.163 124 145 115
-0.387  0.032 -0.160 80 141 144
-0.385  0.032 -0.157 66 143 156
-0.385  0.031 -0.156 61 142 152
-0.386  0.029 -0.155 60 143 150
-0.387  0.027 -0.154 63 144 152
-0.391  0.023 -0.154 65 146 152
-0.393  0.021 -0.153 65 147 154
-0.393  0.019 -0.152 65 150 155
-0.393  0.018 -0.150 67 151 156
-0.392  0.017 -0.148 67 153 156
-0.390  0.018 -0.145 66 154 160
-0.386  0.020 -0.141 66 156 163
-0.383  0.021 -0.138 66 157 166
-0.379  0.022 -0.135 66 158 168
-0.376  0.023 -0.132 65 159 170
-0.374  0.024 -0.129 65 161 170
-0.372  0.024 -0.127 64 159 165
-0.371  0.023 -0.125 66 153 159
-0.371  0.022 -0.124 72 153 155
-0.371  0.021 -0.122 79 159 160
-0.371  0.020 -0.120 80 166 175
-0.372  0.018 -0.119 93 104 133
-0.373  0.016 -0.118 139 54 59
-0.373  0.014 -0.117 166 66 70
-0.374  0.012 -0.115 178 75 88
-0.376  0.010 -0.114 163 75 106
-0.376  0.008 -0.113 162 70 67
-0.377  0.006 -0.112 176 63 71
-0.380  0.003 -0.111 180 63 71
-0.381  0.001 -0.110 184 75 83
-0.384 -0.003 -0.110 191 83 87
-0.390 -0.009 -0.110 186 82 92
-0.393 -0.012 -0.109 189 94 97
-0.396 -0.016 -0.109 190 96 93
-0.400 -0.021 -0.108 186 87 84
-0.402 -0.024 -0.107 117 75 77
-0.403 -0.026 -0.106 70 48 35
-0.405 -0.029 -0.105 67 58 42
-0.405 -0.031 -0.103 58 45 31
-0.406 -0.032 -0.102 53 43 30
-0.407 -0.034 -0.100 72 64 51
-0.408 -0.037 -0.099 93 85 72
-0.410 -0.040 -0.098 94 105 95
-0.412 -0.043 -0.097 109 105 101
-0.416 -0.047 -0.096 134 118 107
-0.391  0.033 -0.172 118 126 110
-0.391  0.032 -0.171 93 118 109
-0.390  0.032 -0.168 92 128 114
-0.388  0.032 -0.165 88 133 121
-0.388  0.031 -0.164 72 132 136
-0.385  0.032 -0.160 58 132 143
-0.383  0.032 -0.158 58 137 144
-0.383  0.030 -0.156 60 140 147
-0.384  0.028 -0.155 60 143 148
-0.384  0.027 -0.154 61 144 150
-0.387  0.024 -0.154 63 145 153
-0.389  0.021 -0.153 62 147 155
-0.389  0.020 -0.151 63 149 155
-0.389  0.019 -0.150 66 149 156
-0.388  0.018 -0.148 66 151 158
-0.386  0.018 -0.145 65 153 160
-0.383  0.019 -0.142 65 155 162
-0.381  0.020 -0.139 65 156 166
-0.377  0.021 -0.136 64 158 168
-0.375  0.022 -0.133 63 158 169
-0.373  0.022 -0.131 65 159 168
-0.371  0.022 -0.128 67 158 164
-0.371  0.021 -0.127 74 154 161
-0.371  0.020 -0.125 73 154 162
-0.371  0.019 -0.123 77 162 168
-0.371  0.018 -0.122 78 169 182
-0.372  0.016 -0.121 85 128 158
-0.372  0.014 -0.119 150 62 68
-0.373  0.013 -0.118 185 111 95
-0.374  0.010 -0.117 188 100 104
-0.375  0.008 -0.116 181 80 90
-0.376  0.007 -0.114 166 62 66
-0.378  0.004 -0.113 157 56 63
-0.379  0.001 -0.112 164 58 67
-0.381 -0.001 -0.111 178 75 78
-0.384 -0.005 -0.111 188 86 90
-0.389 -0.010 -0.111 186 80 95
-0.391 -0.014 -0.110 187 83 91
-0.396 -0.019 -0.110 188 85 87
-0.399 -0.022 -0.110 184 85 84
-0.401 -0.025 -0.109 114 68 75
-0.403 -0.028 -0.108 74 59 48
-0.404 -0.031 -0.106 74 67 56
-0.406 -0.033 -0.105 70 62 51
-0.406 -0.035 -0.103 70 61 50
-0.407 -0.037 -0.102 78 71 61
-0.408 -0.040 -0.101 87 82 73
-0.411 -0.043 -0.100 100 98 88
-0.412 -0.046 -0.098 126 113 99
-0.391  0.031 -0.173 133 126 101
-0.389  0.031 -0.171 100 112 102
-0.388  0.031 -0.169 74 117 117
-0.386  0.031 -0.166 61 122 127
-0.386  0.030 -0.164 56 123 131
-0.384  0.030 -0.161 55 129 136
-0.382  0.030 -0.159 58 135 143
-0.381  0.029 -0.157 60 140 145
-0.382  0.028 -0.156 61 141 145
-0.381  0.027 -0.154 61 142 148
-0.384  0.024 -0.153 64 148 155
-0.384  0.022 -0.152 62 150 157
-0.385  0.020 -0.151 60 148 156
-0.383  0.021 -0.148 63 149 156
-0.383  0.020 -0.147 65 149 158
-0.382  0.019 -0.145 64 151 161
-0.381  0.019 -0.142 62 155 163
-0.379  0.019 -0.140 63 155 166
-0.376  0.020 -0.137 64 158 167
-0.374  0.021 -0.134 63 157 166
-0.372  0.020 -0.132 70 154 164
-0.371  0.020 -0.130 82 158 166
-0.371  0.019 -0.128 81 167 172
-0.371  0.018 -0.126 71 160 171
-0.370  0.017 -0.125 75 167 179
-0.370  0.016 -0.123 78 170 186
-0.371  0.014 -0.122 87 140 168
-0.372  0.012 -0.120 172 75 79
-0.372  0.011 -0.119 201 107 109
-0.374  0.008 -0.118 196 93 103
-0.375  0.006 -0.117 187 76 81
-0.376  0.004 -0.116 179 72 76
-0.378  0.001 -0.115 168 72 76
-0.380 -0.001 -0.114 174 74 75
-0.381 -0.004 -0.113 184 80 80
-0.385 -0.008 -0.113 192 97 98
-0.391 -0.014 -0.113 185 84 106
-0.393 -0.017 -0.112 187 87 88
-0.396 -0.021 -0.112 186 86 84
-0.400 -0.026 -0.111 159 83 81
-0.401 -0.028 -0.110 104 68 70
-0.403 -0.031 -0.109 78 69 60
-0.405 -0.034 -0.108 90 81 66
-0.406 -0.036 -0.107 98 87 72
-0.407 -0.038 -0.105 109 97 77
-0.407 -0.040 -0.104 114 101 81
-0.409 -0.043 -0.102 118 106 85
-0.411 -0.046 -0.101 133 119 97
-0.392  0.030 -0.177 148 138 106
-0.389  0.030 -0.174 142 129 100
-0.388  0.030 -0.172 121 111 96
-0.386  0.030 -0.169 89 110 107
-0.384  0.030 -0.167 65 121 123
-0.383  0.029 -0.165 57 126 130
-0.382  0.029 -0.162 58 130 137
-0.380  0.029 -0.160 60 134 140
-0.380  0.029 -0.158 61 136 141
-0.380  0.027 -0.156 63 137 142
-0.379  0.027 -0.154 65 142 148
-0.379  0.025 -0.153 65 149 157
-0.380  0.024 -0.151 60 145 159
-0.380  0.022 -0.150 59 146 153
-0.379  0.021 -0.148 62 148 154
-0.379  0.020 -0.146 63 148 156
-0.378  0.020 -0.144 63 151 159
-0.378  0.019 -0.142 61 155 163
-0.376  0.019 -0.140 62 155 166
-0.375  0.019 -0.138 63 157 166
-0.373  0.019 -0.135 63 154 164
-0.372  0.019 -0.133 73 158 161
-0.371  0.018 -0.131 99 180 168
-0.371  0.017 -0.129 81 168 169
-0.371  0.016 -0.128 71 166 178
-0.370  0.015 -0.126 73 170 185
-0.370  0.014 -0.124 77 171 189
-0.371  0.012 -0.123 96 143 169
-0.372  0.010 -0.122 187 91 91
-0.373  0.008 -0.121 200 91 119
-0.375  0.005 -0.120 195 79 94
-0.376  0.003 -0.119 186 74 83
-0.377  0.001 -0.118 186 78 82
-0.379 -0.002 -0.117 184 86 84
-0.381 -0.005 -0.116 188 85 82
-0.383 -0.008 -0.115 189 78 82
-0.386 -0.011 -0.115 193 91 92
-0.392 -0.017 -0.115 184 88 97
-0.394 -0.020 -0.114 186 88 85
-0.397 -0.025 -0.114 165 88 80
-0.400 -0.028 -0.113 129 92 81
-0.401 -0.031 -0.112 93 75 80
-0.404 -0.034 -0.111 93 81 68
-0.405 -0.037 -0.110 113 99 78
-0.394  0.027 -0.182 138 119 99
-0.392  0.027 -0.179 132 125 100
-0.390  0.028 -0.176 146 141 100
-0.388  0.028 -0.173 138 122 94
-0.385  0.028 -0.170 112 107 97
-0.383  0.029 -0.168 81 113 113
-0.382  0.029 -0.165 63 126 129
-0.380  0.028 -0.163 59 130 135
-0.378  0.029 -0.160 59 132 137
-0.377  0.028 -0.158 59 132 137
-0.378  0.027 -0.157 64 136 140
-0.376  0.026 -0.154 71 142 150
-0.376  0.025 -0.153 63 134 154
-0.377  0.024 -0.151 56 136 150
-0.376  0.023 -0.150 58 144 149
-0.376  0.021 -0.148 60 146 152
-0.376  0.020 -0.146 61 146 155
-0.375  0.020 -0.144 60 151 158
-0.375  0.019 -0.142 61 155 161
-0.374  0.018 -0.140 62 156 163
-0.373  0.018 -0.138 61 156 162
-0.372  0.017 -0.136 64 152 161
-0.371  0.017 -0.134 91 158 161
-0.371  0.016 -0.132 95 169 165
-0.370  0.015 -0.130 79 161 158
-0.370  0.014 -0.129 71 170 181
-0.370  0.013 -0.127 71 171 187
-0.369  0.012 -0.125 77 170 190
-0.371  0.010 -0.124 109 141 170
-0.371  0.008 -0.123 189 96 96
-0.372  0.006 -0.122 195 88 107
-0.375  0.003 -0.121 192 79 87
-0.377  0.000 -0.121 189 78 83
-0.378 -0.002 -0.119 188 82 86
-0.380 -0.005 -0.119 188 85 87
-0.382 -0.008 -0.118 191 82 83
-0.384 -0.011 -0.117 190 73 83
-0.387 -0.015 -0.116 189 83 84
-0.392 -0.020 -0.117 184 86 83
-0.395 -0.024 -0.116 167 86 81
-0.398 -0.027 -0.115 129 77 75
-0.400 -0.031 -0.115 104 86 81
-0.403 -0.034 -0.114 97 82 81
-0.404 -0.037 -0.113 113 98 79
-0.395  0.024 -0.184 118 104 88
-0.393  0.024 -0.181 126 118 93
-0.390  0.025 -0.178 149 142 101
-0.386  0.027 -0.174 148 132 98
-0.384  0.027 -0.172 135 116 94
-0.382  0.027 -0.169 109 106 98
-0.380  0.028 -0.166 79 114 115
-0.378  0.027 -0.163 64 124 129
-0.377  0.027 -0.161 59 128 133
-0.375  0.027 -0.159 58 128 133
-0.375  0.026 -0.157 64 133 136
-0.374  0.026 -0.155 69 136 145
-0.373  0.025 -0.153 60 124 143
-0.373  0.024 -0.151 57 135 141
-0.373  0.023 -0.149 58 142 147
-0.373  0.022 -0.148 59 145 149
-0.372  0.021 -0.146 60 146 152
-0.372  0.020 -0.144 63 150 154
-0.372  0.019 -0.142 72 155 153
-0.371  0.018 -0.141 70 156 152
-0.371  0.017 -0.139 64 153 156
-0.371  0.016 -0.137 66 152 160
-0.370  0.015 -0.135 93 156 163
-0.370  0.015 -0.133 79 152 160
-0.369  0.014 -0.132 74 163 165
-0.369  0.012 -0.130 70 172 183
-0.369  0.011 -0.128 71 172 188
-0.369  0.010 -0.127 78 170 191
-0.370  0.008 -0.126 128 135 170
-0.371  0.006 -0.124 187 90 98
-0.372  0.004 -0.123 193 83 89
-0.375  0.000 -0.123 191 80 84
-0.378 -0.003 -0.122 190 82 83
-0.380 -0.006 -0.122 190 83 85
-0.381 -0.009 -0.121 188 83 86
-0.383 -0.011 -0.120 189 80 84
-0.388 -0.017 -0.120 188 77 85
-0.390 -0.019 -0.119 186 85 85
-0.393 -0.023 -0.119 165 83 81
-0.395 -0.026 -0.118 131 73 78
-0.399 -0.031 -0.117 99 72 79
-0.401 -0.034 -0.116 96 80 77
-0.402 -0.037 -0.115 114 96 80
-0.396  0.021 -0.186 100 93 83
-0.393  0.022 -0.183 120 113 89
-0.390  0.023 -0.180 147 139 100
-0.386  0.025 -0.176 151 136 100
-0.384  0.025 -0.173 148 132 100
-0.381  0.026 -0.170 134 119 95
-0.378  0.027 -0.167 106 107 97
-0.377  0.027 -0.164 80 111 113
-0.374  0.027 -0.161 65 122 126
-0.374  0.026 -0.159 60 125 129
-0.372  0.026 -0.157 59 127 131
-0.371  0.026 -0.155 59 131 134
-0.371  0.025 -0.153 56 129 136
-0.370  0.024 -0.151 60 139 144
-0.370  0.023 -0.149 60 142 148
-0.369  0.023 -0.147 60 142 147
-0.369  0.022 -0.146 67 143 144
-0.369  0.020 -0.144 91 149 133
-0.369  0.019 -0.142 118 155 124
-0.368  0.018 -0.141 111 153 124
-0.368  0.017 -0.139 80 152 144
-0.368  0.016 -0.137 72 159 162
-0.368  0.015 -0.136 75 161 165
-0.368  0.014 -0.134 69 161 164
-0.368  0.013 -0.132 70 167 177
-0.368  0.012 -0.131 70 171 185
-0.368  0.010 -0.129 72 173 189
-0.368  0.009 -0.128 83 172 188
-0.369  0.007 -0.126 145 126 160
-0.371  0.004 -0.126 187 85 94
-0.372  0.002 -0.125 190 80 86
-0.376 -0.003 -0.125 189 81 83
-0.379 -0.006 -0.124 190 85 83
-0.381 -0.009 -0.124 190 84 83
-0.385 -0.014 -0.124 187 83 85
-0.387 -0.016 -0.123 186 78 84
-0.391 -0.021 -0.123 185 83 86
-0.391 -0.023 -0.121 163 82 79
-0.395 -0.027 -0.121 130 72 76
-0.397 -0.031 -0.120 99 67 84
-0.400 -0.034 -0.119 94 80 80
-0.401 -0.037 -0.118 113 97 79
-0.396  0.019 -0.188 93 85 78
-0.394  0.019 -0.185 114 101 82
-0.390  0.021 -0.181 144 133 98
-0.386  0.022 -0.178 149 135 101
-0.383  0.023 -0.174 149 136 101
-0.380  0.024 -0.171 146 135 101
-0.377  0.025 -0.168 135 119 94
-0.375  0.026 -0.165 110 104 95
-0.373  0.026 -0.162 84 109 111
-0.372  0.025 -0.160 68 120 123
-0.370  0.026 -0.157 59 124 127
-0.369  0.025 -0.155 55 126 130
-0.368  0.025 -0.153 57 131 137
-0.367  0.024 -0.151 67 141 145
-0.366  0.024 -0.149 78 148 150
-0.366  0.023 -0.147 73 148 145
-0.365  0.022 -0.145 89 140 123
-0.365  0.021 -0.144 146 156 93
-0.366  0.019 -0.142 181 161 80
-0.366  0.018 -0.141 169 155 87
-0.366  0.017 -0.139 118 156 124
-0.366  0.016 -0.138 81 166 167
-0.366  0.014 -0.136 65 162 169
-0.366  0.013 -0.135 66 164 171
-0.365  0.012 -0.133 70 167 177
-0.366  0.011 -0.132 71 172 186
-0.366  0.010 -0.130 73 174 191
-0.367  0.007 -0.129 92 172 184
-0.368  0.005 -0.128 156 109 136
-0.371  0.002 -0.127 187 81 84
-0.372 -0.001 -0.126 186 81 85
-0.376 -0.005 -0.126 181 80 84
-0.380 -0.009 -0.126 170 82 82
-0.383 -0.013 -0.126 170 78 80
-0.388 -0.019 -0.126 178 75 82
-0.390 -0.022 -0.126 183 80 84
-0.393 -0.025 -0.125 161 79 82
-0.395 -0.028 -0.124 124 74 70
-0.397 -0.031 -0.123 101 66 74
-0.398 -0.034 -0.122 94 79 83
-0.400 -0.037 -0.121 113 95 78
-0.397  0.016 -0.190 96 85 74
-0.393  0.017 -0.187 108 88 71
-0.390  0.018 -0.183 137 122 89
-0.386  0.020 -0.179 146 132 98
-0.383  0.021 -0.176 149 134 99
-0.379  0.022 -0.172 149 138 101
-0.377  0.023 -0.169 147 134 100
-0.374  0.024 -0.166 139 121 95
-0.373  0.024 -0.164 116 105 96
-0.371  0.024 -0.161 89 106 108
-0.369  0.024 -0.159 68 121 121
-0.368  0.024 -0.156 58 127 130
-0.367  0.024 -0.154 58 131 135
-0.365  0.024 -0.152 70 138 143
-0.365  0.023 -0.150 96 154 151
-0.364  0.022 -0.148 95 162 145
-0.363  0.022 -0.146 120 144 102
-0.363  0.021 -0.144 186 166 59
-0.363  0.020 -0.142 206 165 54
-0.363  0.018 -0.141 201 168 64
-0.364  0.016 -0.140 155 159 104
-0.364  0.015 -0.139 87 163 168
-0.365  0.013 -0.137 61 164 177
-0.364  0.013 -0.135 65 165 175
-0.364  0.011 -0.134 72 169 181
-0.365  0.009 -0.133 72 173 189
-0.365  0.008 -0.131 79 175 196
-0.367  0.006 -0.130 104 171 184
-0.368  0.003 -0.129 166 92 108
-0.371 -0.000 -0.129 188 88 90
-0.373 -0.003 -0.128 173 73 77
-0.377 -0.008 -0.128 149 64 72
-0.381 -0.012 -0.128 123 63 61
-0.384 -0.016 -0.128 123 64 63
-0.390 -0.023 -0.129 140 60 69
-0.392 -0.026 -0.128 152 72 75
-0.394 -0.029 -0.127 118 77 73
-0.397 -0.032 -0.126 95 72 68
-0.398 -0.035 -0.125 91 80 76
-0.399 -0.038 -0.124 110 94 79
-0.395  0.015 -0.191 103 90 76
-0.393  0.015 -0.188 92 75 64
-0.389  0.017 -0.184 118 104 78
-0.386  0.018 -0.181 141 127 93
-0.383  0.019 -0.177 148 133 97
-0.380  0.020 -0.174 147 136 100
-0.377  0.021 -0.171 146 137 103
-0.374  0.022 -0.168 149 139 104
-0.373  0.022 -0.165 143 127 100
-0.371  0.022 -0.162 120 103 93
-0.369  0.022 -0.160 91 97 98
-0.368  0.022 -0.158 70 115 119
-0.366  0.022 -0.155 60 126 132
-0.365  0.022 -0.153 62 132 138
-0.363  0.022 -0.151 73 139 144
-0.363  0.021 -0.149 87 149 139
-0.361  0.021 -0.146 126 143 99
-0.361  0.020 -0.145 190 165 59
-0.361  0.019 -0.143 205 164 56
-0.361  0.018 -0.142 200 169 69
-0.361  0.016 -0.140 154 163 112
-0.363  0.014 -0.139 89 166 174
-0.362  0.013 -0.138 62 163 180
-0.363  0.011 -0.136 68 165 182
-0.363  0.010 -0.135 81 172 191
-0.364  0.008 -0.134 76 173 192
-0.365  0.006 -0.132 91 176 198
-0.367  0.003 -0.132 124 160 178
-0.368  0.001 -0.131 177 103 103
-0.371 -0.003 -0.130 181 120 116
-0.373 -0.006 -0.130 140 54 63
-0.378 -0.011 -0.130 98 50 53
-0.382 -0.016 -0.130 81 49 40
-0.385 -0.020 -0.130 85 58 48
-0.391 -0.027 -0.131 95 59 57
-0.393 -0.030 -0.130 96 57 60
-0.396 -0.033 -0.130 90 78 67
-0.398 -0.036 -0.128 90 79 73
-0.399 -0.039 -0.127 110 95 79
-0.394  0.013 -0.192 116 105 81
-0.392  0.014 -0.189 83 80 65
-0.389  0.015 -0.186 98 88 64
-0.385  0.016 -0.182 130 115 81
-0.382  0.017 -0.179 144 130 95
-0.379  0.018 -0.175 145 131 99
-0.377  0.018 -0.173 146 134 101
-0.374  0.019 -0.169 149 139 101
-0.373  0.019 -0.167 149 140 101
-0.371  0.020 -0.164 125 111 89
-0.369  0.020 -0.161 96 71 70
-0.367  0.020 -0.159 89 83 84
-0.366  0.020 -0.157 76 107 114
-0.364  0.020 -0.154 65 126 128
-0.362  0.021 -0.151 59 129 134
-0.361  0.020 -0.149 70 128 126
-0.360  0.020 -0.147 108 136 104
-0.360  0.019 -0.145 170 157 77
-0.359  0.018 -0.144 185 166 74
-0.359  0.017 -0.142 171 163 93
-0.360  0.015 -0.141 119 161 143
-0.360  0.014 -0.140 81 166 187
-0.361  0.011 -0.139 69 160 177
-0.361  0.010 -0.137 90 170 187
-0.362  0.008 -0.136 107 188 201
-0.364  0.006 -0.135 85 173 195
-0.365  0.004 -0.134 101 180 192
-0.366  0.001 -0.133 151 145 162
-0.368 -0.002 -0.132 183 144 130
-0.371 -0.005 -0.132 149 135 129
-0.373 -0.008 -0.131 99 40 51
-0.378 -0.014 -0.132 72 58 47
-0.381 -0.018 -0.132 66 60 48
-0.386 -0.023 -0.132 72 67 56
-0.392 -0.029 -0.133 84 72 60
-0.394 -0.032 -0.132 82 72 61
-0.395 -0.035 -0.131 86 74 66
-0.397 -0.038 -0.130 109 90 75
-0.392  0.012 -0.191 105 94 70
-0.389  0.013 -0.187 84 76 59
-0.385  0.014 -0.184 105 88 66
-0.382  0.015 -0.180 134 117 85
-0.380  0.016 -0.177 142 131 96
-0.377  0.016 -0.174 144 134 98
-0.374  0.017 -0.171 146 136 98
-0.372  0.017 -0.168 138 135 98
-0.370  0.018 -0.166 108 99 77
-0.368  0.018 -0.163 78 54 46
-0.367  0.018 -0.160 86 58 49
-0.365  0.018 -0.158 104 76 77
-0.363  0.019 -0.155 91 103 107
-0.361  0.019 -0.152 74 119 123
-0.360  0.019 -0.150 71 125 127
-0.358  0.019 -0.148 82 128 122
-0.357  0.019 -0.146 117 140 108
-0.357  0.017 -0.144 124 153 105
-0.357  0.016 -0.143 106 154 133
-0.358  0.015 -0.141 80 158 172
-0.359  0.013 -0.140 75 166 189
-0.360  0.011 -0.139 78 160 176
-0.360  0.009 -0.138 128 182 192
-0.362  0.006 -0.137 128 212 209
-0.363  0.004 -0.136 97 173 198
-0.365  0.001 -0.135 112 182 192
-0.367 -0.001 -0.135 171 154 152
-0.368 -0.004 -0.134 156 147 136
-0.372 -0.008 -0.134 97 72 88
-0.374 -0.011 -0.133 73 57 50
-0.377 -0.016 -0.133 68 57 54
-0.381 -0.020 -0.133 62 60 47
-0.386 -0.025 -0.133 63 60 49
-0.391 -0.031 -0.134 80 70 58
-0.393 -0.035 -0.133 92 80 66
-0.395 -0.037 -0.132 109 91 71
-0.387  0.011 -0.188 97 81 66
-0.384  0.012 -0.185 85 72 58
-0.381  0.013 -0.182 105 92 71
-0.380  0.013 -0.179 132 120 88
-0.377  0.014 -0.176 143 133 95
-0.374  0.015 -0.173 144 135 97
-0.373  0.015 -0.170 129 130 98
-0.370  0.016 -0.167 96 92 71
-0.369  0.016 -0.164 68 52 39
-0.366  0.016 -0.162 81 61 47
-0.365  0.016 -0.159 121 84 71
-0.362  0.017 -0.156 128 93 88
-0.360  0.017 -0.154 114 87 92
-0.359  0.017 -0.151 93 106 110
-0.357  0.018 -0.149 81 119 119
-0.356  0.017 -0.147 82 122 120
-0.356  0.017 -0.145 75 126 134
-0.355  0.015 -0.143 68 138 151
-0.356  0.014 -0.142 83 155 172
-0.357  0.012 -0.141 105 182 191
-0.359  0.009 -0.141 84 158 177
-0.360  0.007 -0.139 104 182 190
-0.362  0.004 -0.138 96 178 197
-0.363  0.002 -0.138 107 177 197
-0.365 -0.001 -0.137 141 174 181
-0.367 -0.004 -0.136 155 152 136
-0.369 -0.007 -0.136 106 79 92
-0.371 -0.010 -0.135 72 70 63
-0.373 -0.013 -0.134 73 79 64
-0.377 -0.018 -0.134 52 45 52
-0.380 -0.021 -0.134 49 38 35
-0.385 -0.027 -0.135 63 55 43
-0.391 -0.034 -0.136 77 72 58
-0.392 -0.036 -0.134 105 89 73
-0.387  0.009 -0.190 116 100 76
-0.384  0.010 -0.187 89 75 63
-0.381  0.011 -0.183 82 69 60
-0.380  0.011 -0.181 98 88 71
-0.377  0.011 -0.178 126 117 85
-0.375  0.012 -0.174 141 131 93
-0.372  0.013 -0.171 137 127 96
-0.370  0.013 -0.169 106 99 78
-0.368  0.014 -0.166 70 65 54
-0.367  0.014 -0.163 86 77 60
-0.365  0.014 -0.161 132 121 87
-0.363  0.015 -0.158 148 137 102
-0.361  0.015 -0.155 145 111 91
-0.359  0.015 -0.153 133 86 80
-0.357  0.015 -0.150 118 78 86
-0.355  0.016 -0.148 97 97 102
-0.355  0.015 -0.146 74 113 118
-0.354  0.014 -0.144 64 132 132
-0.354  0.013 -0.143 69 145 154
-0.356  0.010 -0.142 78 156 171
-0.359  0.007 -0.142 70 157 174
-0.360  0.005 -0.141 75 165 182
-0.362  0.002 -0.140 84 172 191
-0.364 -0.001 -0.139 106 185 194
-0.365 -0.004 -0.139 148 159 154
-0.367 -0.006 -0.138 109 77 85
-0.369 -0.009 -0.137 93 85 65
-0.371 -0.013 -0.137 81 85 81
-0.373 -0.016 -0.136 58 46 48
-0.377 -0.020 -0.136 51 41 37
-0.380 -0.024 -0.136 75 66 58
-0.385 -0.029 -0.136 85 84 71
-0.391 -0.036 -0.137 101 87 70
-0.384  0.008 -0.188 106 94 76
-0.381  0.009 -0.185 86 73 61
-0.379  0.009 -0.182 80 67 52
-0.377  0.010 -0.179 100 86 62
-0.374  0.011 -0.176 129 115 83
-0.373  0.010 -0.173 141 131 95
-0.370  0.011 -0.170 133 125 95
-0.368  0.011 -0.168 108 109 82
-0.367  0.011 -0.165 105 108 78
-0.366  0.011 -0.163 138 129 93
-0.363  0.012 -0.160 154 143 104
-0.361  0.013 -0.157 157 144 107
-0.359  0.013 -0.155 156 134 106
-0.357  0.013 -0.152 148 107 90
-0.355  0.013 -0.149 135 84 82
-0.354  0.013 -0.147 114 80 96
-0.354  0.012 -0.146 87 118 119
-0.354  0.011 -0.144 69 144 145
-0.356  0.008 -0.144 65 156 162
-0.359  0.004 -0.143 65 159 170
-0.360  0.002 -0.142 75 164 182
-0.363 -0.001 -0.142 110 170 192
-0.364 -0.004 -0.141 120 159 175
-0.366 -0.007 -0.141 96 106 107
-0.367 -0.009 -0.140 69 49 43
-0.369 -0.012 -0.139 72 63 63
-0.371 -0.015 -0.138 57 54 70
-0.373 -0.018 -0.137 47 47 41
-0.376 -0.021 -0.137 77 77 65
-0.380 -0.027 -0.137 106 100 84
-0.384 -0.032 -0.138 111 109 94
-0.389 -0.037 -0.138 123 99 80
-0.380  0.008 -0.186 105 92 71
-0.378  0.008 -0.183 86 72 57
-0.377  0.008 -0.181 82 68 54
-0.374  0.008 -0.178 97 85 63
-0.372  0.008 -0.175 122 111 80
-0.370  0.009 -0.172 138 127 92
-0.368  0.009 -0.169 138 132 96
-0.367  0.009 -0.167 137 133 96
-0.366  0.009 -0.165 146 136 98
-0.364  0.009 -0.162 153 142 103
-0.361  0.010 -0.159 157 145 106
-0.360  0.010 -0.156 159 146 108
-0.358  0.011 -0.154 158 144 106
-0.356  0.011 -0.151 158 148 114
-0.355  0.010 -0.149 158 141 112
-0.355  0.009 -0.147 147 136 112
-0.355  0.008 -0.146 114 139 127
-0.357  0.005 -0.146 76 150 156
-0.360  0.001 -0.145 68 157 170
-0.361 -0.001 -0.144 77 167 186
-0.363 -0.004 -0.144 111 192 191
-0.366 -0.008 -0.144 105 148 134
-0.367 -0.010 -0.143 70 59 45
-0.368 -0.012 -0.142 60 45 45
-0.369 -0.014 -0.140 57 62 59
-0.371 -0.017 -0.139 53 48 42
-0.373 -0.020 -0.139 75 83 69
-0.376 -0.024 -0.139 101 116 91
-0.380 -0.029 -0.139 115 110 98
-0.385 -0.034 -0.139 109 106 99
-0.388 -0.038 -0.139 136 118 90
-0.378  0.006 -0.185 105 94 71
-0.376  0.006 -0.182 85 75 59
-0.374  0.006 -0.179 79 70 51
-0.372  0.006 -0.177 89 81 54
-0.370  0.007 -0.173 114 106 75
-0.368  0.007 -0.171 137 127 93
-0.367  0.007 -0.168 147 133 97
-0.365  0.007 -0.166 149 136 98
-0.364  0.007 -0.164 151 140 104
-0.362  0.007 -0.161 153 144 108
-0.360  0.008 -0.158 155 147 111
-0.358  0.008 -0.155 159 146 110
-0.356  0.008 -0.153 165 153 117
-0.356  0.008 -0.151 167 158 125
-0.356  0.006 -0.149 160 160 133
-0.355  0.005 -0.148 156 157 135
-0.358  0.002 -0.147 128 157 155
-0.361 -0.002 -0.147 83 158 172
-0.362 -0.004 -0.146 88 168 177
-0.364 -0.007 -0.146 123 156 155
-0.366 -0.010 -0.145 83 64 79
-0.367 -0.012 -0.144 46 38 33
-0.367 -0.014 -0.143 62 59 42
-0.369 -0.016 -0.142 49 40 40
-0.370 -0.019 -0.141 71 77 66
-0.372 -0.022 -0.140 71 109 94
-0.376 -0.027 -0.140 104 112 105
-0.380 -0.031 -0.141 117 112 109
-0.384 -0.037 -0.141 129 101 104
-0.376  0.004 -0.183 108 95 75
-0.374  0.004 -0.181 86 76 60
-0.371  0.005 -0.178 78 70 51
-0.369  0.005 -0.175 86 78 57
-0.368  0.005 -0.172 112 99 76
-0.366  0.005 -0.170 139 122 91
-0.366  0.004 -0.168 148 134 96
-0.364  0.005 -0.165 152 138 103
-0.362  0.005 -0.163 152 143 108
-0.360  0.005 -0.160 151 147 109
-0.359  0.005 -0.157 161 147 109
-0.357  0.005 -0.155 171 157 119
-0.357  0.005 -0.153 177 162 126
-0.356  0.003 -0.151 172 162 132
-0.356  0.002 -0.150 179 177 143
-0.359 -0.001 -0.149 181 188 160
-0.361 -0.004 -0.149 172 186 169
-0.363 -0.007 -0.148 163 175 163
-0.365 -0.010 -0.148 113 125 124
-0.366 -0.012 -0.147 69 33 35
-0.367 -0.014 -0.146 46 37 32
-0.367 -0.016 -0.144 45 38 37
-0.369 -0.018 -0.143 64 61 47
-0.371 -0.021 -0.143 88 101 85
-0.372 -0.024 -0.142 103 114 109
-0.376 -0.029 -0.142 119 119 103
-0.380 -0.034 -0.142 123 119 95
-0.372  0.003 -0.182 111 98 78
-0.370  0.003 -0.179 90 81 62
-0.369  0.003 -0.176 79 71 55
-0.367  0.004 -0.173 85 72 57
-0.366  0.003 -0.171 107 89 68
-0.365  0.002 -0.169 132 116 86
-0.364  0.002 -0.167 150 135 99
-0.362  0.002 -0.164 141 133 104
-0.360  0.003 -0.162 119 121 98
-0.359  0.003 -0.159 126 121 93
-0.358  0.002 -0.157 153 144 112
-0.358  0.001 -0.155 175 161 122
-0.358 -0.000 -0.154 177 164 130
-0.358 -0.001 -0.152 186 180 147
-0.359 -0.004 -0.151 196 191 159
-0.362 -0.007 -0.151 199 193 163
-0.363 -0.010 -0.150 173 163 142
-0.365 -0.012 -0.149 95 69 73
-0.365 -0.014 -0.148 47 35 30
-0.367 -0.016 -0.147 46 49 30
-0.367 -0.018 -0.146 44 39 33
-0.368 -0.020 -0.145 82 73 61
-0.371 -0.024 -0.144 110 108 92
-0.373 -0.028 -0.144 118 119 102
-0.377 -0.032 -0.144 123 124 100
-0.381 -0.037 -0.144 146 126 100
-0.369  0.002 -0.180 114 103 79
-0.368  0.002 -0.177 93 84 64
-0.366  0.002 -0.175 81 70 55
-0.366  0.001 -0.173 83 69 54
-0.365  0.000 -0.171 98 88 65
-0.363  0.000 -0.168 125 115 85
-0.362  0.000 -0.166 129 122 98
-0.360  0.000 -0.163 98 99 85
-0.359  0.000 -0.161 92 78 64
-0.358 -0.000 -0.159 120 98 81
-0.358 -0.001 -0.157 162 144 108
-0.358 -0.003 -0.156 179 166 133
-0.359 -0.004 -0.154 192 182 148
-0.360 -0.007 -0.154 198 194 161
-0.362 -0.010 -0.153 190 187 158
-0.363 -0.012 -0.152 136 134 120
-0.364 -0.014 -0.151 78 42 43
-0.365 -0.016 -0.149 51 39 30
-0.366 -0.018 -0.148 44 41 32
-0.367 -0.020 -0.147 63 55 45
-0.368 -0.023 -0.146 86 92 78
-0.370 -0.026 -0.146 105 112 95
-0.373 -0.030 -0.145 119 119 99
-0.377 -0.035 -0.146 142 123 106
-0.367 -0.000 -0.179 120 109 83
-0.366 -0.000 -0.176 99 89 68
-0.365 -0.001 -0.174 84 74 59
-0.364 -0.002 -0.172 80 72 56
-0.363 -0.002 -0.169 92 81 63
-0.362 -0.002 -0.167 93 84 73
-0.361 -0.002 -0.165 74 71 68
-0.359 -0.002 -0.163 72 65 56
-0.359 -0.003 -0.161 100 86 72
-0.359 -0.005 -0.159 154 136 104
-0.359 -0.006 -0.158 179 168 135
-0.359 -0.007 -0.156 193 181 148
-0.362 -0.011 -0.156 196 189 157
-0.363 -0.013 -0.155 175 164 142
-0.364 -0.015 -0.154 101 87 92
-0.365 -0.018 -0.153 62 47 39
-0.366 -0.019 -0.152 62 52 39
-0.366 -0.021 -0.150 52 42 36
-0.367 -0.023 -0.149 77 73 59
-0.368 -0.025 -0.148 100 106 87
-0.371 -0.029 -0.147 108 120 95
-0.373 -0.033 -0.147 135 118 102
-0.365 -0.003 -0.175 109 96 75
-0.364 -0.004 -0.173 91 81 63
-0.362 -0.004 -0.171 81 71 57
-0.362 -0.005 -0.169 72 63 56
-0.361 -0.005 -0.167 61 55 49
-0.359 -0.005 -0.164 57 53 48
-0.359 -0.006 -0.163 82 78 68
-0.360 -0.008 -0.161 140 128 100
-0.360 -0.009 -0.160 174 165 129
-0.361 -0.011 -0.159 185 174 139
-0.363 -0.014 -0.158 168 163 139
-0.364 -0.016 -0.157 129 113 109
-0.365 -0.018 -0.156 77 58 58
-0.366 -0.020 -0.155 57 56 43
-0.366 -0.022 -0.153 70 65 53
-0.367 -0.024 -0.152 68 61 55
-0.367 -0.026 -0.151 83 80 68
-0.368 -0.028 -0.149 103 100 83
-0.371 -0.032 -0.149 134 122 90
-0.363 -0.005 -0.174 120 107 81
-0.362 -0.006 -0.172 100 90 71
-0.361 -0.006 -0.170 82 74 61
-0.360 -0.006 -0.168 67 62 51
-0.360 -0.007 -0.166 60 56 48
-0.360 -0.008 -0.164 74 68 54
-0.359 -0.010 -0.163 108 90 71
-0.361 -0.012 -0.162 132 104 86
-0.362 -0.015 -0.161 137 106 89
-0.364 -0.017 -0.160 119 96 84
-0.364 -0.019 -0.159 85 70 65
-0.365 -0.021 -0.158 69 57 47
-0.366 -0.023 -0.157 69 70 53
-0.366 -0.025 -0.155 87 81 65
-0.367 -0.026 -0.154 95 90 74
-0.367 -0.028 -0.152 110 100 82
-0.369 -0.031 -0.151 127 116 92
-0.361 -0.008 -0.172 109 99 80
-0.359 -0.008 -0.169 94 86 70
-0.359 -0.009 -0.168 81 75 60
-0.359 -0.010 -0.166 74 68 52
-0.359 -0.012 -0.164 79 63 50
-0.361 -0.014 -0.164 87 61 50
-0.362 -0.017 -0.163 87 58 48
-0.363 -0.019 -0.162 81 57 45
-0.364 -0.021 -0.161 70 62 48
-0.365 -0.024 -0.160 73 69 56
-0.367 -0.026 -0.159 87 82 66
-0.367 -0.027 -0.157 109 101 76
-0.359 -0.011 -0.169 112 102 79
-0.359 -0.012 -0.167 98 90 72
-0.359 -0.014 -0.166 92 82 64
-0.360 -0.016 -0.165 82 73 54
-0.362 -0.019 -0.164 73 64 52
-0.363 -0.022 -0.163 72 65 55
-0.365 -0.024 -0.162 82 75 62
-0.366 -0.026 -0.161 98 89 72
-0.366 -0.028 -0.160 114 104 83
-0.359 -0.018 -0.166 110 101 79
-0.361 -0.021 -0.165 95 93 81
-0.363 -0.024 -0.165 94 93 82
-0.364 -0.026 -0.164 111 103 84

