-0.410954 0.0330205 -0.0179152 144 164 123 255 
-0.408258 0.0319078 -0.0156313 136 163 128 255 
-0.412372 0.0318579 -0.0204014 151 167 120 255 
-0.409657 0.0307502 -0.0180916 93 103 69 255 
-0.407235 0.0301814 -0.0163712 84 93 61 255 
-0.404839 0.0296197 -0.014669 109 93 77 255 
-0.401738 0.0275206 -0.0113562 118 139 113 255 
-0.398936 0.0259687 -0.0086419 158 161 129 255 
-0.411065 0.029584 -0.0205697 106 109 80 255 
-0.408627 0.0290194 -0.01883 74 96 61 255 
-0.405962 0.0279417 -0.0165519 78 97 59 255 
-0.403829 0.0279089 -0.0154058 76 96 63 255 
-0.400984 0.0263401 -0.0126324 77 96 63 255 
-0.397954 0.0242972 -0.00937528 96 94 70 255 
-0.39544 0.023284 -0.00722868 112 122 93 255 
-0.39318 0.0227754 -0.00562873 138 155 127 255 
-0.411683 0.0268339 -0.0213451 117 97 101 255 
-0.41003 0.0278488 -0.0213064 78 97 68 255 
-0.407602 0.0272945 -0.019566 114 103 59 255 
-0.405451 0.0272642 -0.0184031 148 145 65 255 
-0.403315 0.027234 -0.0172486 183 131 67 255 
-0.400229 0.0251596 -0.0139089 112 95 63 255 
-0.39744 0.023629 -0.0111726 76 102 68 255 
-0.394698 0.0221239 -0.00848337 78 103 68 255 
-0.392222 0.0211322 -0.00635759 92 101 69 255 
-0.390209 0.0211243 -0.00528714 115 110 87 255 
-0.388636 0.0220908 -0.00525032 131 153 125 255 
-0.412299 0.0240935 -0.0221178 127 101 101 255 
-0.410648 0.0251064 -0.0220793 80 90 57 255 
-0.408998 0.0261196 -0.0220407 88 104 56 255 
-0.406835 0.0260935 -0.0208651 159 155 70 255 
-0.404436 0.0255516 -0.0191363 127 118 63 255 
-0.402307 0.0255275 -0.0179812 163 142 68 255 
-0.399475 0.0239791 -0.0151856 115 108 73 255 
-0.396923 0.0229573 -0.0129764 91 114 73 255 
-0.394406 0.0219499 -0.0107978 88 113 74 255 
-0.391485 0.0199797 -0.00760402 89 113 74 255 
-0.389261 0.0194926 -0.0060132 87 114 76 255 
-0.387689 0.0204568 -0.00597652 93 112 77 255 
-0.38591 0.0209358 -0.00542549 119 115 93 255 
-0.384546 0.0223863 -0.00590314 137 161 129 255 
-0.412912 0.0213627 -0.0228877 132 114 110 255 
-0.411001 0.0218623 -0.0222793 83 90 56 255 
-0.409357 0.0228716 -0.022241 74 100 56 255 
-0.407456 0.0233687 -0.0216348 148 114 57 255 
-0.405561 0.023863 -0.0210308 132 129 71 255 
-0.403424 0.0238448 -0.0198671 111 137 81 255 
-0.401303 0.0238269 -0.0187116 134 121 72 255 
-0.39872 0.0227986 -0.0164625 172 132 80 255 
-0.396174 0.0217853 -0.0142446 131 126 77 255 
-0.393662 0.0207857 -0.0120572 108 132 81 255 
-0.390966 0.019313 -0.00937443 105 132 82 255 
-0.38874 0.018828 -0.00777194 100 127 81 255 
-0.386956 0.0193103 -0.00721701 96 123 83 255 
-0.38497 0.0193088 -0.00614926 99 121 85 255 
-0.383404 0.0202709 -0.00611279 115 128 94 255 
-0.382849 0.0236763 -0.00866677 143 145 109 255 
-0.381876 0.0261371 -0.0102054 168 178 141 255 
-0.413523 0.0186417 -0.023655 138 129 117 255 
-0.411352 0.018641 -0.022478 84 92 55 255 
-0.409713 0.0196467 -0.02244 72 97 57 255 
-0.408075 0.0206533 -0.0224019 139 102 54 255 
-0.406182 0.021152 -0.0217977 185 159 70 255 
-0.404296 0.0216481 -0.0211955 167 142 80 255 
-0.402171 0.0216378 -0.0200354 124 122 76 255 
-0.400301 0.0221315 -0.0194396 165 135 75 255 
-0.397966 0.021618 -0.0177396 150 145 77 255 
-0.395424 0.0206125 -0.0155129 170 131 78 255 
-0.393141 0.0201129 -0.0138538 146 153 88 255 
-0.390444 0.0186431 -0.0111511 125 153 88 255 
-0.388005 0.017679 -0.00901468 119 144 91 255 
-0.386222 0.0181631 -0.00845772 115 141 93 255 
-0.384239 0.018166 -0.00738587 110 138 96 255 
-0.38247 0.0186475 -0.00683446 130 149 105 255 
-0.381105 0.0200896 -0.00731308 144 158 121 255 
-0.379933 0.0220237 -0.00831165 158 170 133 255 
-0.378949 0.0244637 -0.00984067 181 178 142 255 
-0.378549 0.0284402 -0.0129832 193 184 146 255 
-0.413865 0.0154321 -0.0238488 145 147 118 255 
-0.411963 0.0159391 -0.0232421 89 97 59 255 
-0.410067 0.0164445 -0.0226375 74 94 57 255 
-0.408434 0.0174474 -0.0225997 113 104 56 255 
-0.406801 0.0184497 -0.0225619 194 127 67 255 
-0.404917 0.0189501 -0.0219595 206 146 74 255 
-0.403039 0.0194488 -0.0213593 147 124 74 255 
-0.401169 0.0199467 -0.0207613 165 124 74 255 
-0.399304 0.0204422 -0.0201653 169 169 77 255 
-0.396977 0.0199385 -0.0184645 142 170 83 255 
-0.394903 0.0199343 -0.0173282 150 142 80 255 
-0.392395 0.0189461 -0.0151159 177 137 73 255 
-0.389921 0.0179708 -0.0129341 164 147 77 255 
-0.387693 0.017491 -0.0113081 139 156 99 255 
-0.385695 0.0174962 -0.0102212 131 155 103 255 
-0.383916 0.0179814 -0.00966224 136 156 109 255 
-0.38194 0.0179845 -0.00858639 155 164 123 255 
-0.380176 0.0184671 -0.00803303 173 179 137 255 
-0.378806 0.0199085 -0.00851377 184 188 143 255 
-0.377431 0.0213552 -0.00899608 180 184 149 255 
-0.376052 0.0228073 -0.00948005 175 178 140 255 
-0.375431 0.0262465 -0.0120718 169 180 139 255 
-0.414204 0.012245 -0.0240413 158 169 128 255 
-0.412308 0.0127555 -0.0234364 93 90 70 255 
-0.410678 0.0137565 -0.0233988 70 93 58 255 
-0.408791 0.0142635 -0.0227961 95 112 56 255 
-0.407164 0.0152622 -0.0227585 173 147 65 255 
-0.405286 0.0157668 -0.0221581 211 146 67 255 
-0.403661 0.0167639 -0.0221205 160 130 66 255 
-0.401792 0.0172652 -0.0215223 131 143 75 255 
-0.39993 0.0177649 -0.0209261 190 149 68 255 
-0.398073 0.0182622 -0.020332 181 143 63 255 
-0.395991 0.0182638 -0.0191871 156 170 74 255 
-0.393924 0.0182659 -0.0180503 183 165 84 255 
-0.391871 0.0182684 -0.0169214 194 153 86 255 
-0.389396 0.0172961 -0.0147234 162 160 83 255 
-0.387167 0.0168193 -0.0130856 156 161 103 255 
-0.385375 0.0173074 -0.012519 146 177 118 255 
-0.383385 0.0173136 -0.011428 174 179 132 255 
-0.381408 0.017319 -0.0103445 201 198 141 255 
-0.379444 0.0173251 -0.00926817 196 193 145 255 
-0.378073 0.018765 -0.00975108 190 195 154 255 
-0.376506 0.0197278 -0.00971485 181 190 157 255 
-0.375126 0.0211738 -0.0101993 161 179 143 255 
-0.374308 0.0240986 -0.0122632 145 162 133 255 
-0.37405 0.0285783 -0.0159715 136 149 129 255 
-0.414808 0.00956418 -0.0247999 171 181 135 255 
-0.412651 0.00959468 -0.0236295 99 91 82 255 
-0.411027 0.010591 -0.023592 70 93 62 255 
-0.409402 0.0115876 -0.0235546 75 97 59 255 
-0.407524 0.0120973 -0.0229539 133 134 60 255 
-0.405652 0.0126053 -0.0223553 195 153 70 255 
-0.403787 0.0131118 -0.0217588 156 137 64 255 
-0.40217 0.0141035 -0.0217215 117 141 77 255 
-0.400313 0.0146067 -0.0211272 158 158 70 255 
-0.398463 0.0151083 -0.0205348 163 169 73 255 
-0.396619 0.0156083 -0.0199446 163 148 70 255 
-0.394781 0.0161067 -0.0193564 152 148 72 255 
-0.392949 0.0166037 -0.0187702 161 150 71 255 
-0.390902 0.0166115 -0.0176408 159 157 78 255 
-0.388654 0.0161352 -0.0159796 136 161 99 255 
-0.386639 0.0161444 -0.0148694 172 149 125 255 
-0.384845 0.0166349 -0.0142989 208 208 136 255 
-0.382853 0.0166436 -0.0132001 247 195 157 255 
-0.380874 0.0166512 -0.0121087 225 231 163 255 
-0.378713 0.0161833 -0.0105035 227 205 156 255 
-0.37734 0.0176215 -0.0109886 204 201 159 255 
-0.375772 0.0185836 -0.0109524 179 188 154 255 
-0.374204 0.0195466 -0.0109163 151 172 136 255 
-0.373381 0.0224545 -0.0129817 124 146 113 255 
-0.372734 0.0259028 -0.0156126 102 121 105 255 
-0.3717 0.0283937 -0.0171982 136 140 110 255 
-0.413254 0.00693201 -0.024385 120 91 93 255 
-0.411114 0.00697178 -0.0232222 75 88 56 255 
-0.409498 0.00796302 -0.0231851 70 95 57 255 
-0.407883 0.00895512 -0.0231479 113 161 77 255 
-0.406017 0.00946662 -0.0225512 134 148 77 255 
-0.404157 0.00997639 -0.0219565 142 164 81 255 
-0.402303 0.0104847 -0.0213639 117 127 74 255 
-0.400456 0.0109913 -0.0207733 155 133 71 255 
-0.398615 0.0114963 -0.0201848 194 150 71 255 
-0.39678 0.0119999 -0.0195984 180 144 69 255 
-0.395179 0.0129817 -0.0195616 151 151 72 255 
-0.393353 0.0134822 -0.0189771 153 146 67 255 
-0.391755 0.0144633 -0.0189404 149 146 71 255 
-0.389937 0.0149598 -0.018358 140 164 92 255 
-0.387911 0.0149736 -0.0172359 167 148 129 255 
-0.385898 0.014987 -0.0161215 216 224 178 255 
-0.384105 0.0154794 -0.015549 216 188 177 255 
-0.382115 0.0154914 -0.014446 245 215 184 255 
-0.380139 0.0155042 -0.0133505 242 232 202 255 
-0.377788 0.0145695 -0.0112175 218 233 182 255 
-0.376417 0.0160027 -0.0117031 200 206 156 255 
-0.374851 0.016963 -0.0116671 160 173 137 255 
-0.373285 0.0179235 -0.0116311 128 153 113 255 
-0.372457 0.0208166 -0.013698 102 125 92 255 
-0.371803 0.0242447 -0.0163306 93 122 90 255 
-0.370766 0.0267223 -0.0179172 133 134 110 255 
-0.41412 0.00475164 -0.0257039 126 101 108 255 
-0.411717 0.00432806 -0.0239746 80 96 63 255 
-0.409593 0.00437659 -0.0228195 69 92 56 255 
-0.407986 0.0053626 -0.0227826 145 102 63 255 
-0.406129 0.00587741 -0.0221897 190 125 65 255 
-0.404279 0.00639077 -0.0215988 132 135 70 255 
-0.402435 0.0069025 -0.0210101 96 119 71 255 
-0.400361 0.00694318 -0.019875 148 127 79 255 
-0.398766 0.00792123 -0.0198385 178 139 72 255 
-0.39694 0.00842828 -0.0192557 156 162 70 255 
-0.395347 0.00940478 -0.0192192 180 156 71 255 
-0.393531 0.0099088 -0.0186385 158 140 72 255 
-0.39194 0.0108848 -0.018602 149 152 70 255 
-0.390568 0.0123371 -0.0191096 145 161 85 255 
-0.388975 0.0133141 -0.019073 138 152 114 255 
-0.387168 0.0138118 -0.0184925 208 226 171 255 
-0.385367 0.0143081 -0.017914 218 173 182 255 
-0.383572 0.0148029 -0.0173376 220 192 192 255 
-0.38158 0.0148172 -0.0162266 254 239 171 255 
-0.379404 0.0143563 -0.0145925 255 218 189 255 
-0.37725 0.0138996 -0.0129749 199 223 208 255 
-0.375684 0.01486 -0.012939 163 187 141 255 
-0.374119 0.0158206 -0.0129031 133 155 118 255 
-0.372368 0.0163058 -0.0123437 105 133 101 255 
-0.37172 0.0196667 -0.0149425 95 119 90 255 
-0.370874 0.0225909 -0.0170464 100 122 96 255 
-0.414191 0.00116894 -0.0253237 138 124 112 255 
-0.412059 0.00122859 -0.024164 83 89 59 255 
-0.409941 0.00128753 -0.0230123 64 91 56 255 
-0.408088 0.00180741 -0.0224212 68 94 59 255 
-0.406241 0.00232571 -0.021832 187 111 70 255 
-0.4044 0.00284243 -0.0212449 206 127 67 255 
-0.402806 0.00382079 -0.0212085 119 113 73 255 
-0.400737 0.00387117 -0.0200768 87 118 70 255 
-0.398915 0.00438246 -0.0194957 112 131 75 255 
-0.397099 0.00489309 -0.0189167 167 134 78 255 
-0.395514 0.00586455 -0.0188804 143 158 79 255 
-0.393706 0.00637208 -0.0183033 140 169 77 255 
-0.392124 0.00734198 -0.0182671 162 168 83 255 
-0.390541 0.00831291 -0.0182309 147 160 84 255 
-0.389174 0.00975393 -0.0187354 118 158 99 255 
-0.387802 0.0111993 -0.0192415 194 209 151 255 
-0.386425 0.01265 -0.0197494 223 207 171 255 
-0.384833 0.0136259 -0.019713 218 168 130 255 
-0.383035 0.0141224 -0.0191324 233 188 181 255 
-0.381042 0.014139 -0.0180136 254 181 178 255 
-0.37926 0.0146328 -0.017439 242 242 207 255 
-0.377095 0.014173 -0.0157987 189 193 154 255 
-0.375332 0.0146634 -0.0152317 140 159 118 255 
-0.37376 0.0156274 -0.0151958 108 134 102 255 
-0.372189 0.0165906 -0.0151598 92 119 91 255 
-0.37135 0.0194845 -0.017258 93 117 95 255 
-0.370499 0.022418 -0.0193851 114 124 103 255 
-0.414261 -0.00237572 -0.0249475 149 152 119 255 
-0.412398 -0.00184929 -0.0243521 90 92 63 255 
-0.410286 -0.00178005 -0.0232038 64 91 58 255 
-0.408439 -0.00125691 -0.0226145 64 91 59 255 
-0.406598 -0.000735134 -0.0220272 65 92 59 255 
-0.404763 -0.000214905 -0.0214418 106 90 55 255 
-0.403175 0.000760004 -0.0214056 113 88 57 255 
-0.401348 0.00127625 -0.0208223 86 100 62 255 
-0.399528 0.00179181 -0.0202411 81 113 70 255 
-0.397713 0.00230503 -0.0196618 92 122 71 255 
-0.395905 0.00281757 -0.0190845 121 140 72 255 
-0.394325 0.00378555 -0.0190484 122 145 81 255 
-0.392525 0.00429441 -0.0184732 125 151 84 255 
-0.390949 0.00526188 -0.0184372 139 154 77 255 
-0.389372 0.00622942 -0.0184012 139 154 89 255 
-0.388006 0.00766093 -0.0189042 171 157 122 255 
-0.386637 0.0090985 -0.019409 197 216 179 255 
-0.385262 0.0105407 -0.0199156 235 126 117 255 
-0.383882 0.0119882 -0.0204238 243 179 126 255 
-0.382089 0.0124866 -0.0198432 239 194 171 255 
-0.380302 0.0129835 -0.0192645 252 245 205 255 
-0.378521 0.013479 -0.0186878 200 204 187 255 
-0.376745 0.0139723 -0.0181131 152 168 130 255 
-0.375357 0.0154193 -0.0186156 118 140 112 255 
-0.373775 0.0163892 -0.0185795 93 118 90 255 
-0.372193 0.0173601 -0.0185434 88 121 91 255 
-0.37061 0.0183303 -0.0185073 102 122 94 255 
-0.370306 0.0227398 -0.0222916 126 135 109 255 
-0.414592 -0.00543626 -0.0251326 159 169 125 255 
-0.412735 -0.00490569 -0.0245389 95 91 69 255 
-0.410884 -0.00437744 -0.0239474 68 88 55 255 
-0.409039 -0.00385079 -0.0233579 64 90 57 255 
-0.4072 -0.00332573 -0.0227704 64 92 59 255 
-0.405367 -0.00280224 -0.0221849 66 94 74 255 
-0.40354 -0.00228016 -0.0216014 56 96 91 255 
-0.401956 -0.00130942 -0.0215654 63 95 67 255 
-0.400138 -0.000790432 -0.0209839 68 101 64 255 
-0.398326 -0.000273883 -0.0204044 74 107 69 255 
-0.396293 -0.0002096 -0.0192872 85 114 75 255 
-0.394719 0.000755057 -0.0192514 95 125 79 255 
-0.393145 0.00172067 -0.0192156 107 138 85 255 
-0.391353 0.00223136 -0.018642 117 144 91 255 
-0.389781 0.0031947 -0.0186063 123 153 93 255 
-0.388209 0.00415905 -0.0185705 139 152 95 255 
-0.386847 0.00558284 -0.0190722 204 176 129 255 
-0.385479 0.00701177 -0.0195757 202 169 169 255 
-0.384314 0.00891328 -0.0206238 233 130 133 255 
-0.38273 0.00988422 -0.0205877 228 208 175 255 
-0.381348 0.0113284 -0.0210963 247 252 227 255 
-0.379562 0.0118271 -0.0205156 202 231 198 255 
-0.378174 0.0132743 -0.0210241 154 169 129 255 
-0.376587 0.0142483 -0.020988 131 146 113 255 
-0.374999 0.0152214 -0.0209518 107 130 102 255 
-0.3736 0.0166777 -0.0214619 106 121 91 255 
-0.372384 0.0186268 -0.0225237 104 119 91 255 
-0.370787 0.0196057 -0.0224873 125 124 98 255 
-0.370482 0.024069 -0.0263531 143 141 117 255 
-0.412812 -0.00838345 -0.0241709 102 91 83 255 
-0.411224 -0.00740992 -0.0241348 68 88 57 255 
-0.409636 -0.00643627 -0.0240988 66 91 57 255 
-0.407552 -0.00635144 -0.0229614 62 94 58 255 
-0.405968 -0.0053809 -0.0229255 63 94 67 255 
-0.404144 -0.00485556 -0.0223418 138 153 104 255 
-0.402325 -0.00433254 -0.0217601 156 164 140 255 
-0.400747 -0.00336421 -0.0217242 172 159 100 255 
-0.398936 -0.0028442 -0.0211446 93 94 84 255 
-0.397132 -0.00232551 -0.0205669 69 100 62 255 
-0.39511 -0.00225413 -0.019453 77 106 69 255 
-0.393541 -0.00129277 -0.0194174 85 115 76 255 
-0.391973 -0.000330418 -0.0193818 94 123 83 255 
-0.390188 0.000181496 -0.01881 102 134 85 255 
-0.388622 0.00114238 -0.0187745 110 142 90 255 
-0.387054 0.00210266 -0.0187389 153 161 95 255 
-0.385695 0.00351866 -0.0192393 156 194 127 255 
-0.38433 0.00493905 -0.0197414 202 208 182 255 
-0.383164 0.00682671 -0.0207866 253 212 163 255 
-0.381788 0.00826035 -0.0212939 255 197 176 255 
-0.380206 0.00922981 -0.021258 214 244 200 255 
-0.378625 0.0102001 -0.021222 154 169 134 255 
-0.377237 0.0116421 -0.021731 126 152 120 255 
-0.375845 0.0130895 -0.0222416 112 139 112 255 
-0.374447 0.0145415 -0.022754 106 115 102 255 
-0.373234 0.0164829 -0.0238203 104 116 99 255 
-0.3722 0.0189287 -0.0254518 172 114 94 255 
-0.370967 0.0209022 -0.0265367 181 151 113 255 
-0.370662 0.0254213 -0.0304864 172 148 122 255 
-0.413401 -0.0109568 -0.0249089 116 96 100 255 
-0.411562 -0.0104219 -0.024321 71 88 57 255 
-0.40998 -0.00945096 -0.0242852 63 90 56 255 
-0.408397 -0.00848067 -0.0242494 63 89 58 255 
-0.406323 -0.00838956 -0.0231154 63 94 63 255 
-0.404745 -0.00742246 -0.0230797 96 97 80 255 
-0.402929 -0.00689515 -0.0224978 169 128 97 255 
-0.401118 -0.00637025 -0.0219179 165 155 125 255 
-0.399545 -0.00540601 -0.0218823 166 175 130 255 
-0.397743 -0.00488324 -0.0213044 88 107 118 255 
-0.395946 -0.00436348 -0.0207285 68 96 61 255 
-0.393935 -0.00428565 -0.0196179 71 100 63 255 
-0.392371 -0.00332753 -0.0195825 77 105 68 255 
-0.390593 -0.00281122 -0.0190124 82 112 73 255 
-0.389031 -0.00185451 -0.0189771 89 119 78 255 
-0.387679 -0.00045073 -0.0194763 96 126 86 255 
-0.385908 6.01858e-05 -0.0189063 120 138 92 255 
-0.38455 0.00146766 -0.0194054 132 180 104 255 
-0.383188 0.00287947 -0.0199062 208 177 130 255 
-0.382022 0.00475398 -0.0209485 187 209 172 255 
-0.380648 0.00617908 -0.0214544 184 200 185 255 
-0.379269 0.00760958 -0.0219621 172 169 130 255 
-0.377885 0.00904468 -0.0224715 141 150 116 255 
-0.376496 0.010485 -0.0229826 121 141 103 255 
-0.375294 0.0124059 -0.0240461 100 126 93 255 
-0.373894 0.0138599 -0.0245626 103 121 94 255 
-0.373054 0.0167743 -0.0267553 135 111 89 255 
-0.372394 0.0202268 -0.0295483 192 169 108 255 
-0.370962 0.0217201 -0.0300834 210 140 113 255 
-0.370845 0.0267974 -0.0346931 201 159 123 255 
-0.413989 -0.013521 -0.0256446 128 109 107 255 
-0.412152 -0.0129827 -0.0250565 77 90 54 255 
-0.410321 -0.0124458 -0.0244703 63 92 56 255 
-0.408743 -0.0114791 -0.0244347 63 91 56 255 
-0.407166 -0.0105121 -0.0243991 65 92 59 255 
-0.405104 -0.0104141 -0.0232686 97 92 80 255 
-0.403531 -0.00945017 -0.0232331 131 122 120 255 
-0.401723 -0.00892101 -0.022653 165 188 147 255 
-0.39992 -0.00839415 -0.0220749 154 149 125 255 
-0.398352 -0.00743319 -0.0220395 115 131 123 255 
-0.396332 -0.0073455 -0.0209246 113 125 89 255 
-0.394769 -0.00638764 -0.0208893 76 92 60 255 
-0.392768 -0.0063033 -0.019782 65 96 60 255 
-0.391209 -0.00534838 -0.0197468 70 100 62 255 
-0.389438 -0.00483099 -0.0191784 76 106 66 255 
-0.387882 -0.0038766 -0.0191433 83 110 73 255 
-0.386325 -0.00292295 -0.0191081 88 119 82 255 
-0.384769 -0.00196818 -0.0190729 106 129 89 255 
-0.383616 -0.000123382 -0.0201054 122 142 101 255 
-0.382254 0.00128426 -0.0206067 152 163 116 255 
-0.381287 0.00360496 -0.0221915 158 187 125 255 
-0.379912 0.00502853 -0.0226997 144 175 130 255 
-0.378531 0.00645655 -0.0232095 131 155 119 255 
-0.377146 0.00789003 -0.0237211 122 137 105 255 
-0.375755 0.00932786 -0.0242345 104 128 95 255 
-0.374742 0.0117202 -0.0258571 101 132 86 255 
-0.373527 0.0136543 -0.0269361 118 104 88 255 
-0.372683 0.0165779 -0.0291529 198 126 93 255 
-0.372398 0.0210433 -0.0331351 172 126 105 255 
-0.371337 0.0235645 -0.0348507 204 154 116 255 
-0.414317 -0.0165015 -0.0258249 137 138 118 255 
-0.412486 -0.0159598 -0.0252386 82 89 57 255 
-0.410911 -0.0149949 -0.0252032 65 91 56 255 
-0.409088 -0.0144571 -0.0246189 65 92 55 255 
-0.407516 -0.0134927 -0.0245835 65 92 59 255 
-0.405701 -0.0129581 -0.0240012 81 95 69 255 
-0.403892 -0.0124248 -0.023421 95 135 100 255 
-0.402324 -0.0114642 -0.0233856 135 165 134 255 
-0.400524 -0.010934 -0.0228074 153 136 143 255 
-0.398729 -0.0104052 -0.0222311 112 136 121 255 
-0.39694 -0.0098785 -0.0216567 142 157 108 255 
-0.395157 -0.00935335 -0.0210843 92 124 122 255 
-0.39338 -0.00882953 -0.0205138 69 94 59 255 
-0.391608 -0.00830805 -0.0199451 64 96 60 255 
-0.389842 -0.00778781 -0.0193784 66 98 62 255 
-0.388291 -0.00683667 -0.0193435 71 101 66 255 
-0.386534 -0.00631934 -0.0187787 74 106 73 255 
-0.384984 -0.00537048 -0.0187438 82 112 79 255 
-0.383435 -0.00442059 -0.0187089 97 122 82 255 
-0.382085 -0.00303282 -0.0192037 109 137 96 255 
-0.380729 -0.0016398 -0.0197001 132 143 114 255 
-0.379761 0.000650853 -0.0212697 129 142 112 255 
-0.378392 0.00205965 -0.021773 120 143 110 255 
-0.377404 0.00438493 -0.0233638 107 129 97 255 
-0.376213 0.00627153 -0.0244216 97 123 92 255 
-0.375206 0.00863896 -0.0260397 102 113 87 255 
-0.374187 0.011031 -0.0276745 104 98 83 255 
-0.373158 0.0134478 -0.0293263 124 116 92 255 
-0.372689 0.0173647 -0.0327183 182 152 114 255 
-0.372791 0.0228906 -0.0379604 187 163 129 255 
-0.414129 -0.0202943 -0.0249074 153 163 126 255 
-0.412563 -0.0193347 -0.0248722 96 89 67 255 
-0.410996 -0.0183749 -0.0248371 67 89 57 255 
-0.40943 -0.0174149 -0.0248019 63 91 58 255 
-0.407863 -0.016454 -0.0247666 65 91 59 255 
-0.406054 -0.0159157 -0.0241862 68 97 63 255 
-0.40425 -0.0153799 -0.0236076 91 134 85 255 
-0.402688 -0.0144227 -0.0235725 138 183 119 255 
-0.400893 -0.013889 -0.022996 146 151 104 255 
-0.399104 -0.0133575 -0.0224214 119 162 114 255 
-0.397546 -0.0124032 -0.0223864 136 126 100 255 
-0.395765 -0.0118746 -0.0218138 110 155 125 255 
-0.39399 -0.0113474 -0.0212431 79 98 64 255 
-0.39222 -0.0108224 -0.0206743 66 94 65 255 
-0.390244 -0.0107242 -0.0195771 69 97 63 255 
-0.388698 -0.00977732 -0.0195424 67 101 66 255 
-0.386946 -0.00925636 -0.0189793 72 101 67 255 
-0.385402 -0.00831085 -0.0189446 85 106 71 255 
-0.383858 -0.00736436 -0.0189099 85 114 79 255 
-0.382116 -0.00684835 -0.0183488 98 120 87 255 
-0.381162 -0.00460306 -0.0198986 112 128 96 255 
-0.379612 -0.00365375 -0.0198638 114 136 101 255 
-0.378448 -0.00182265 -0.0208939 106 126 104 255 
-0.37766 0.000915736 -0.0230102 96 122 94 255 
-0.376861 0.00369179 -0.0251554 92 117 83 255 
-0.375667 0.00557971 -0.0262211 103 106 84 255 
-0.374654 0.00794691 -0.0278513 103 95 91 255 
-0.373822 0.0108156 -0.0300632 119 107 86 255 
-0.372977 0.0137236 -0.0323059 179 130 107 255 
-0.373083 0.0191629 -0.0375138 221 194 155 255 
-0.373389 0.0252989 -0.0435022 191 187 173 255 
-0.412388 -0.0230836 -0.0239675 95 114 104 255 
-0.410832 -0.0221296 -0.0239326 71 103 67 255 
-0.409276 -0.0211763 -0.0238977 63 92 58 255 
-0.40772 -0.020223 -0.0238629 64 92 60 255 
-0.406163 -0.0192693 -0.023828 65 97 63 255 
-0.404607 -0.0183147 -0.0237931 87 127 84 255 
-0.402815 -0.0177769 -0.0232182 162 137 116 255 
-0.401028 -0.0172413 -0.0226453 138 182 141 255 
-0.399476 -0.0162904 -0.0226105 124 152 96 255 
-0.397924 -0.0153386 -0.0225757 117 106 105 255 
-0.396371 -0.0143874 -0.0225409 111 141 126 255 
-0.394598 -0.0138576 -0.0219701 84 112 74 255 
-0.39283 -0.0133294 -0.0214011 107 104 81 255 
-0.390855 -0.0132226 -0.0203034 117 126 86 255 
-0.389102 -0.0126977 -0.0197401 79 100 84 255 
-0.387355 -0.0121748 -0.0191785 70 101 77 255 
-0.385816 -0.0112317 -0.0191441 78 105 71 255 
-0.384077 -0.0107116 -0.0185845 91 106 75 255 
-0.38254 -0.00976974 -0.0185501 95 117 82 255 
-0.381003 -0.0088287 -0.0185157 100 128 90 255 
-0.37966 -0.00745948 -0.0190061 103 132 100 255 
-0.378503 -0.00565366 -0.0200266 106 129 99 255 
-0.377529 -0.00339872 -0.0215876 95 120 88 255 
-0.376928 -0.000228167 -0.0242477 90 116 85 255 
-0.376317 0.00299639 -0.0269532 85 117 84 255 
-0.375118 0.0048846 -0.028027 97 123 97 255 
-0.374292 0.00772218 -0.0302326 104 99 85 255 
-0.373645 0.0110771 -0.0330416 139 129 100 255 
-0.372795 0.014003 -0.035317 208 180 134 255 
-0.373092 0.0199811 -0.0412025 240 202 159 255 
-0.412716 -0.0259824 -0.0241507 115 111 101 255 
-0.411165 -0.0250317 -0.024116 71 93 57 255 
-0.409614 -0.0240818 -0.0240813 62 95 60 255 
-0.407821 -0.0235368 -0.0235081 63 92 60 255 
-0.406272 -0.0225883 -0.0234735 61 94 62 255 
-0.404723 -0.0216386 -0.0234388 96 98 86 255 
-0.40294 -0.0210989 -0.0228675 149 124 122 255 
-0.401393 -0.0201508 -0.022833 156 159 140 255 
-0.399846 -0.0192032 -0.0227984 141 151 124 255 
-0.398299 -0.0182555 -0.0227638 117 117 121 255 
-0.396751 -0.0173068 -0.0227292 163 159 116 255 
-0.395204 -0.0163588 -0.0226946 97 96 95 255 
-0.393221 -0.0162425 -0.0215928 109 117 90 255 
-0.391465 -0.0157128 -0.0210273 107 103 113 255 
-0.389713 -0.0151851 -0.0204638 111 136 105 255 
-0.387762 -0.015073 -0.0193766 105 136 119 255 
-0.386228 -0.014134 -0.0193423 120 106 102 255 
-0.384494 -0.0136103 -0.0187843 94 115 80 255 
-0.382962 -0.0126725 -0.0187501 92 117 89 255 
-0.381431 -0.0117338 -0.0187159 96 124 87 255 
-0.379899 -0.010795 -0.0186816 105 124 92 255 
-0.378366 -0.00985685 -0.0186474 106 126 89 255 
-0.377591 -0.0072124 -0.0207173 99 121 85 255 
-0.376804 -0.00453256 -0.0228149 87 115 85 255 
-0.376579 -0.000478119 -0.0265804 80 114 83 255 
-0.37577 0.00229765 -0.0287574 92 118 83 255 
-0.374758 0.004649 -0.0304008 102 109 90 255 
-0.374118 0.00796641 -0.0332017 152 105 89 255 
-0.373274 0.01086 -0.0354703 215 157 117 255 
-0.372802 0.0147764 -0.0389514 204 174 162 255 
-0.373299 0.0213245 -0.0455592 225 200 167 255 
-0.413544 -0.0280689 -0.0254128 134 130 114 255 
-0.411496 -0.0279146 -0.0242983 82 90 64 255 
-0.40995 -0.0269681 -0.0242638 62 90 60 255 
-0.408404 -0.0260212 -0.0242294 64 93 60 255 
-0.406619 -0.0254743 -0.0236578 63 91 61 255 
-0.405312 -0.0241264 -0.0241604 90 94 78 255 
-0.403531 -0.0235833 -0.023589 121 123 120 255 
-0.401755 -0.0230416 -0.0230194 165 181 142 255 
-0.400214 -0.0220965 -0.0229851 168 146 113 255 
-0.398671 -0.0211521 -0.0229507 120 148 116 255 
-0.397129 -0.0202068 -0.0229163 151 153 98 255 
-0.395366 -0.0196717 -0.0223488 110 107 109 255 
-0.393609 -0.0191371 -0.0217831 74 96 76 255 
-0.391645 -0.0190123 -0.0206917 95 138 111 255 
-0.389902 -0.0184819 -0.0201315 87 133 94 255 
-0.388165 -0.0179526 -0.0195733 92 130 93 255 
-0.386434 -0.0174247 -0.0190169 95 130 87 255 
-0.384708 -0.0168989 -0.0184623 108 124 101 255 
-0.383184 -0.015966 -0.0184283 118 153 96 255 
-0.38166 -0.0150321 -0.0183943 102 141 116 255 
-0.380328 -0.0136849 -0.0188808 97 121 90 255 
-0.378801 -0.012749 -0.0188468 97 122 89 255 
-0.377651 -0.0109766 -0.0198585 96 119 89 255 
-0.376681 -0.00876597 -0.0214058 89 117 87 255 
-0.375889 -0.0061018 -0.0235046 85 109 81 255 
-0.376036 -0.00117891 -0.0283749 91 109 87 255 
-0.375413 0.00205398 -0.0311298 97 115 96 255 
-0.374587 0.00487609 -0.0333607 135 115 99 255 
-0.373942 0.00821316 -0.0362021 212 166 123 255 
-0.373284 0.0116077 -0.0390932 241 200 167 255 
-0.372809 0.0155596 -0.0426376 234 187 157 255 
-0.373111 0.0216531 -0.0487405 202 181 161 255 
-0.412571 -0.029601 -0.0260975 116 115 97 255 
-0.410776 -0.029048 -0.0255219 81 95 71 255 
-0.408986 -0.0284974 -0.0249483 74 94 60 255 
-0.407443 -0.0275513 -0.024914 64 91 60 255 
-0.405661 -0.0270034 -0.0243424 61 93 64 255 
-0.40412 -0.0260594 -0.0243081 109 109 89 255 
-0.402346 -0.0255143 -0.0237384 112 158 123 255 
-0.400807 -0.0245718 -0.0237041 120 124 125 255 
-0.399042 -0.0240296 -0.0231363 110 115 78 255 
-0.397504 -0.0230883 -0.0231022 143 137 72 255 
-0.395967 -0.0221461 -0.023068 133 136 94 255 
-0.394212 -0.0216089 -0.0225022 80 93 61 255 
-0.392463 -0.0210731 -0.0219383 61 97 73 255 
-0.390508 -0.0209426 -0.02085 84 129 95 255 
-0.388567 -0.020813 -0.0197688 125 126 91 255 
-0.38684 -0.0202832 -0.019214 83 120 100 255 
-0.385119 -0.0197539 -0.018661 113 103 73 255 
-0.3836 -0.018824 -0.0186272 135 121 86 255 
-0.382081 -0.0178934 -0.0185934 137 163 112 255 
-0.380562 -0.0169625 -0.0185597 108 152 128 255 
-0.379233 -0.0156227 -0.0190449 94 117 84 255 
-0.378088 -0.0138655 -0.020054 88 115 83 255 
-0.377312 -0.0112568 -0.0221265 85 115 82 255 
-0.376525 -0.00861384 -0.0242266 86 115 80 255 
-0.376874 -0.00329362 -0.0296544 95 110 88 255 
-0.376647 0.000831336 -0.0335541 96 117 105 255 
-0.375827 0.0036553 -0.0358097 128 132 117 255 
-0.375386 0.00746825 -0.0392702 206 181 134 255 
-0.374935 0.0113622 -0.0428041 236 185 159 255 
-0.374474 0.0153401 -0.0464137 240 201 175 255 
-0.374809 0.0214726 -0.0526296 240 194 157 255 
-0.411849 -0.0307363 -0.0273233 117 80 71 255 
-0.410055 -0.0301815 -0.0267458 77 82 63 255 
-0.408267 -0.0296281 -0.0261702 74 91 63 255 
-0.406484 -0.029077 -0.0255966 73 97 69 255 
-0.404707 -0.0285273 -0.0250248 73 93 63 255 
-0.403168 -0.0275848 -0.0249907 79 92 65 255 
-0.401399 -0.0270379 -0.0244209 78 116 86 255 
-0.399635 -0.0264932 -0.0238529 77 112 90 255 
-0.397878 -0.0259497 -0.0232869 69 96 63 255 
-0.396345 -0.0250116 -0.0232529 91 110 74 255 
-0.394813 -0.0240733 -0.0232189 77 99 82 255 
-0.393065 -0.0235341 -0.0226548 68 98 60 255 
-0.391112 -0.0233961 -0.021566 65 95 65 255 
-0.389172 -0.0232589 -0.0204844 72 98 66 255 
-0.387447 -0.0227257 -0.0199294 98 124 77 255 
-0.385728 -0.0221938 -0.0193762 109 137 93 255 
-0.384014 -0.0216638 -0.0188248 123 134 95 255 
-0.382305 -0.0211351 -0.0182752 140 143 99 255 
-0.380794 -0.020209 -0.0182417 144 157 112 255 
-0.379282 -0.0192827 -0.0182082 103 120 98 255 
-0.378144 -0.0175492 -0.019208 87 118 91 255 
-0.376999 -0.0158041 -0.0202145 90 115 82 255 
-0.376219 -0.0132161 -0.0222813 84 109 77 255 
-0.375427 -0.0105949 -0.0243756 87 120 82 255 
-0.375947 -0.00488658 -0.0303423 188 171 103 255 
-0.376486 0.00103897 -0.0365358 168 145 126 255 
-0.37566 0.00387862 -0.038824 208 188 166 255 
-0.375412 0.0081946 -0.0429329 234 178 158 255 
-0.374958 0.0121245 -0.0465312 243 186 158 255 
-0.374494 0.016139 -0.050207 221 191 161 255 
-0.411128 -0.0318715 -0.0285494 112 79 69 255 
-0.409091 -0.031705 -0.0274265 77 81 60 255 
-0.407307 -0.0311506 -0.0268509 76 81 58 255 
-0.405765 -0.0302068 -0.0268168 72 84 61 255 
-0.403756 -0.030046 -0.0257052 71 84 65 255 
-0.402219 -0.0291051 -0.0256712 80 98 64 255 
-0.400227 -0.0289484 -0.0245672 73 90 61 255 
-0.398471 -0.0284026 -0.0240009 64 95 58 255 
-0.396721 -0.0278579 -0.0234366 64 93 59 255 
-0.395193 -0.0269229 -0.0234028 61 97 61 255 
-0.393666 -0.0259868 -0.0233691 63 96 63 255 
-0.391926 -0.0254472 -0.0228067 64 95 59 255 
-0.389983 -0.0253028 -0.0217211 65 96 61 255 
-0.388257 -0.0247664 -0.0211641 65 98 63 255 
-0.386536 -0.0242311 -0.020609 73 103 64 255 
-0.384821 -0.023698 -0.0200557 86 99 72 255 
-0.383307 -0.0227714 -0.0200222 99 123 97 255 
-0.381599 -0.0222409 -0.0194707 102 139 115 255 
-0.380088 -0.0213147 -0.0194373 103 117 92 255 
-0.378576 -0.0203885 -0.0194039 93 115 81 255 
-0.377249 -0.019061 -0.0198882 85 115 85 255 
-0.376288 -0.0169162 -0.0214182 86 113 80 255 
-0.375317 -0.0147509 -0.0229633 82 116 80 255 
-0.374521 -0.0121435 -0.0250587 192 141 90 255 
-0.375023 -0.00647348 -0.0310282 232 175 131 255 
-0.375932 0.000327185 -0.0383824 221 182 162 255 
-0.375491 0.00410515 -0.0418701 230 188 161 255 
-0.375239 0.00844619 -0.0460387 238 178 145 255 
-0.374781 0.0123992 -0.0496896 228 183 147 255 
-0.374513 0.0169487 -0.0540555 188 174 144 255 
-0.410406 -0.0330075 -0.0297757 111 80 67 255 
-0.408371 -0.0328376 -0.0286488 78 84 60 255 
-0.406588 -0.0322805 -0.0280712 77 81 59 255 
-0.404811 -0.0317258 -0.0274955 74 82 60 255 
-0.402807 -0.0315605 -0.0263836 89 81 62 255 
-0.401045 -0.0310092 -0.0258136 76 94 68 255 
-0.399287 -0.0304601 -0.0252454 85 81 70 255 
-0.397536 -0.0299122 -0.0246791 78 100 60 255 
-0.39579 -0.0293657 -0.0241146 71 93 60 255 
-0.394265 -0.0284321 -0.024081 65 96 59 255 
-0.392739 -0.0274984 -0.0240473 62 95 62 255 
-0.391004 -0.0269561 -0.0234848 65 96 60 255 
-0.389066 -0.0268078 -0.0223989 66 97 62 255 
-0.387344 -0.0262695 -0.0218418 67 100 65 255 
-0.385628 -0.0257331 -0.0212866 70 102 67 255 
-0.384114 -0.0248058 -0.0212532 70 104 70 255 
-0.3826 -0.0238791 -0.0212198 82 105 74 255 
-0.381086 -0.0229515 -0.0211864 84 113 76 255 
-0.379571 -0.0220243 -0.021153 86 113 81 255 
-0.378056 -0.0210964 -0.0211196 85 113 80 255 
-0.376913 -0.0193662 -0.0221308 82 112 81 255 
-0.375947 -0.0172159 -0.023677 81 112 77 255 
-0.374971 -0.0150439 -0.0252385 166 126 86 255 
-0.374355 -0.0120082 -0.0278985 235 196 127 255 
-0.374855 -0.00630692 -0.0339517 232 186 159 255 
-0.375765 0.000532523 -0.0414104 234 184 171 255 
-0.375321 0.00433326 -0.0449485 235 182 156 255 
-0.375264 0.00918829 -0.0497958 227 168 147 255 
-0.374602 0.0126775 -0.0528824 227 184 148 255 
-0.37433 0.0172554 -0.057313 167 136 120 255 
-0.374462 0.0230144 -0.0631891 145 143 116 255 
-0.410424 -0.0329763 -0.0326615 112 78 67 255 
-0.408379 -0.0328056 -0.0315193 81 84 60 255 
-0.406347 -0.0326355 -0.0303848 78 85 59 255 
-0.404328 -0.0324666 -0.0292578 75 82 60 255 
-0.402323 -0.0322987 -0.0281383 108 100 71 255 
-0.400557 -0.0317458 -0.0275646 102 107 83 255 
-0.398574 -0.0315803 -0.0264562 96 97 72 255 
-0.396823 -0.0310308 -0.025888 77 95 71 255 
-0.394861 -0.0308692 -0.0247906 87 77 66 255 
-0.393339 -0.0299363 -0.0247571 72 93 63 255 
-0.391816 -0.0290041 -0.0247236 68 95 62 255 
-0.390084 -0.0284606 -0.024161 64 96 63 255 
-0.388358 -0.0279192 -0.0236002 65 100 65 255 
-0.386435 -0.0277676 -0.0225175 68 101 66 255 
-0.384921 -0.026841 -0.0224842 73 105 70 255 
-0.383407 -0.0259136 -0.0224509 75 105 72 255 
-0.381893 -0.0249867 -0.0224176 76 108 73 255 
-0.380378 -0.0240597 -0.0223843 79 107 78 255 
-0.378864 -0.0231318 -0.022351 86 107 76 255 
-0.377535 -0.0218068 -0.0228411 83 116 80 255 
-0.376388 -0.0200755 -0.0238597 81 111 79 255 
-0.375417 -0.0179258 -0.0254171 112 126 81 255 
-0.374622 -0.0153399 -0.027529 226 212 109 255 
-0.373816 -0.012719 -0.0296692 242 192 129 255 
-0.374118 -0.00746019 -0.0351991 230 191 157 255 
-0.375205 -0.00018546 -0.0432788 239 190 151 255 
-0.375148 0.00456274 -0.0480598 247 185 145 255 
-0.375088 0.00944787 -0.0529779 235 153 136 255 
-0.374622 0.0134626 -0.0567508 185 134 131 255 
-0.374349 0.0180836 -0.0612637 145 137 107 255 
-0.374275 0.023362 -0.0665708 157 154 120 255 
-0.410442 -0.0329459 -0.0355768 110 80 69 255 
-0.408141 -0.0331655 -0.0338602 81 84 60 255 
-0.406343 -0.0326035 -0.0332692 79 84 59 255 
-0.404078 -0.0328232 -0.0315757 77 84 58 255 
-0.402067 -0.032653 -0.0304449 110 104 71 255 
-0.400068 -0.0324848 -0.0293215 106 110 81 255 
-0.398083 -0.032317 -0.0282056 101 110 88 255 
-0.396111 -0.0321501 -0.0270971 75 92 85 255 
-0.394367 -0.0316 -0.0265288 81 81 59 255 
-0.392628 -0.0310521 -0.0259624 71 91 63 255 
-0.391105 -0.0301198 -0.025929 89 86 60 255 
-0.389167 -0.0299609 -0.0248352 73 93 65 255 
-0.387445 -0.0294175 -0.0242743 70 99 64 255 
-0.385728 -0.0288763 -0.0237153 71 101 67 255 
-0.384017 -0.0283362 -0.0231581 74 107 75 255 
-0.382505 -0.0274102 -0.0231249 73 105 74 255 
-0.380993 -0.0264849 -0.0230917 77 106 73 255 
-0.379291 -0.0259497 -0.0225364 80 107 76 255 
-0.377969 -0.024633 -0.0230254 80 110 76 255 
-0.376826 -0.0229168 -0.0240413 78 110 77 255 
-0.375676 -0.0211895 -0.025064 87 122 78 255 
-0.375071 -0.0182297 -0.0277008 206 191 92 255 
-0.374086 -0.0160527 -0.0292904 248 208 116 255 
-0.373459 -0.0130101 -0.0319979 240 187 144 255 
-0.37338 -0.00861347 -0.0364467 235 194 160 255 
-0.374838 -0.000445023 -0.0457531 208 185 145 255 
-0.374775 0.00431705 -0.0505862 225 177 150 255 
-0.37471 0.00921655 -0.0555584 174 136 143 255 
-0.37444 0.0137492 -0.0600234 146 128 99 255 
-0.373958 0.0178779 -0.0639367 140 146 114 255 
-0.41046 -0.0329147 -0.038522 103 81 76 255 
-0.408393 -0.0327425 -0.0373485 80 86 57 255 
-0.40634 -0.0325708 -0.036183 79 84 60 255 
-0.404063 -0.0327921 -0.0344664 76 84 62 255 
-0.401809 -0.0330106 -0.032767 110 105 71 255 
-0.399805 -0.03284 -0.0316323 111 115 82 255 
-0.39759 -0.033056 -0.0299611 116 109 82 255 
-0.395617 -0.0328859 -0.028845 82 92 78 255 
-0.39387 -0.0323343 -0.028273 115 105 71 255 
-0.392129 -0.0317839 -0.0277029 106 94 70 255 
-0.390185 -0.0316195 -0.0266015 84 87 70 255 
-0.388458 -0.0310732 -0.0260369 81 93 68 255 
-0.386536 -0.0309108 -0.0249464 93 97 62 255 
-0.384823 -0.0303683 -0.0243873 82 93 72 255 
-0.383116 -0.0298263 -0.0238299 86 106 70 255 
-0.381606 -0.0289026 -0.0237969 83 107 73 255 
-0.380096 -0.0279787 -0.0237639 74 107 75 255 
-0.378587 -0.0270538 -0.0237308 75 105 73 255 
-0.377076 -0.0261297 -0.0236978 76 105 72 255 
-0.376117 -0.0240274 -0.0252418 76 110 77 255 
-0.374965 -0.0223028 -0.0262685 194 143 83 255 
-0.374538 -0.0189452 -0.0294567 248 204 107 255 
-0.373732 -0.016353 -0.0316063 251 202 121 255 
-0.3731 -0.0133032 -0.0343427 238 187 160 255 
-0.372829 -0.00933197 -0.0382657 222 189 177 255 
-0.374274 -0.00116937 -0.0476395 229 158 122 255 
-0.374598 0.00454916 -0.0537559 181 130 107 255 
-0.37453 0.00947797 -0.058801 140 126 100 255 
-0.374255 0.0140391 -0.0633321 133 138 108 255 
-0.374179 0.0192475 -0.0686604 164 156 122 255 
-0.410478 -0.0328835 -0.0414977 108 78 63 255 
-0.4084 -0.0327103 -0.0403082 81 86 59 255 
-0.406336 -0.0325386 -0.0391268 79 85 61 255 
-0.404048 -0.0327602 -0.0373866 79 83 62 255 
-0.401782 -0.0329805 -0.035664 109 100 68 255 
-0.39954 -0.0331975 -0.0339587 123 108 78 255 
-0.397096 -0.0337977 -0.0317226 128 108 72 255 
-0.39512 -0.0336251 -0.0305989 87 88 70 255 
-0.393157 -0.0334536 -0.0294826 133 87 68 255 
-0.391417 -0.0329023 -0.0289106 128 135 108 255 
-0.389475 -0.0327335 -0.0278054 87 106 95 255 
-0.387749 -0.0321854 -0.0272389 88 80 61 255 
-0.385829 -0.0320196 -0.0261445 82 98 69 255 
-0.384117 -0.0314745 -0.0255835 74 86 68 255 
-0.382411 -0.0309316 -0.0250243 80 95 61 255 
-0.38071 -0.0303899 -0.0244669 81 99 69 255 
-0.379202 -0.0294674 -0.024434 76 107 75 255 
-0.377509 -0.0289283 -0.0238786 78 105 73 255 
-0.376187 -0.0276213 -0.0243682 79 110 76 255 
-0.375224 -0.0255302 -0.0259131 156 123 82 255 
-0.374071 -0.0238138 -0.0269404 238 212 111 255 
-0.374187 -0.0192552 -0.0317657 254 207 107 255 
-0.373376 -0.0166562 -0.0339381 249 198 125 255 
-0.372923 -0.0131724 -0.0372689 239 189 161 255 
-0.372461 -0.00961746 -0.0406681 172 187 171 255 
-0.374095 -0.000969872 -0.0507547 218 196 133 255 
-0.374818 0.00575365 -0.058235 159 134 118 255 
-0.374752 0.010745 -0.0633917 130 139 109 255 
-0.374478 0.0153652 -0.0680242 138 145 116 255 
-0.374197 0.0201071 -0.0727781 201 177 142 255 
-0.374118 0.025526 -0.0783716 243 201 165 255 
-0.410495 -0.0328531 -0.0445043 105 76 63 255 
-0.408407 -0.032679 -0.0432985 77 88 60 255 
-0.406332 -0.0325056 -0.0421009 79 84 59 255 
-0.404272 -0.0323336 -0.0409114 79 85 62 255 
-0.401755 -0.0329503 -0.0385906 120 108 75 255 
-0.399501 -0.0331684 -0.0368621 127 105 78 255 
-0.397269 -0.0333851 -0.0351508 127 110 74 255 
-0.39506 -0.0335985 -0.0334567 87 86 67 255 
-0.392872 -0.0338101 -0.0317793 101 104 74 255 
-0.390916 -0.0336381 -0.0306592 123 104 93 255 
-0.388972 -0.0334679 -0.0295465 102 114 92 255 
-0.38704 -0.0332978 -0.0284411 103 91 69 255 
-0.385122 -0.0331284 -0.0273429 89 109 87 255 
-0.383411 -0.0325816 -0.02678 93 77 58 255 
-0.381706 -0.032037 -0.0262189 75 97 68 255 
-0.379816 -0.0318728 -0.0251351 79 80 63 255 
-0.378311 -0.030951 -0.0251023 77 97 64 255 
-0.376621 -0.0304115 -0.0245467 85 117 78 255 
-0.375482 -0.0287245 -0.0255612 103 127 88 255 
-0.374516 -0.0266384 -0.0271121 220 208 105 255 
-0.37336 -0.0249261 -0.0281433 224 181 103 255 
-0.373649 -0.0199762 -0.0335376 250 208 113 255 
-0.373017 -0.0169614 -0.0362857 250 195 130 255 
-0.372559 -0.0134693 -0.0396519 243 188 151 255 
-0.373033 -0.00769688 -0.0460339 166 142 122 255 
-0.374309 0.000171334 -0.0551515 172 181 136 255 
-0.374638 0.00599594 -0.0614925 188 140 143 255 
-0.374569 0.0110188 -0.0667255 150 136 118 255 
-0.374497 0.0161912 -0.0721144 160 160 125 255 
-0.374214 0.0209796 -0.0769583 210 184 166 255 
-0.374134 0.0264533 -0.0826588 245 192 167 255 
-0.410768 -0.0324198 -0.0481393 106 76 63 255 
-0.408414 -0.0326467 -0.0463199 77 85 59 255 
-0.406574 -0.0320728 -0.0456946 78 86 58 255 
-0.404257 -0.0323005 -0.0439001 77 85 63 255 
-0.401964 -0.0325245 -0.0421239 116 103 70 255 
-0.399692 -0.0327472 -0.0403658 110 105 78 255 
-0.397219 -0.0333569 -0.0380605 119 105 78 255 
-0.394998 -0.0335724 -0.0363433 85 82 70 255 
-0.392799 -0.0337854 -0.0346433 116 117 84 255 
-0.390834 -0.0336121 -0.0335082 115 102 84 255 
-0.388673 -0.0338233 -0.0318362 87 78 61 255 
-0.386534 -0.0340314 -0.0301807 107 92 68 255 
-0.384613 -0.0338596 -0.0290751 86 97 89 255 
-0.382705 -0.0336887 -0.0279767 105 101 71 255 
-0.381001 -0.0331422 -0.0274137 82 105 88 255 
-0.379113 -0.0329746 -0.0263261 103 97 74 255 
-0.377608 -0.0320527 -0.0262934 84 86 57 255 
-0.375919 -0.0315115 -0.0257359 106 105 81 255 
-0.374596 -0.0302102 -0.0262281 197 176 121 255 
-0.373628 -0.028135 -0.0277797 202 196 110 255 
-0.37247 -0.0264295 -0.0288115 202 193 100 255 
-0.372926 -0.0211071 -0.0347609 244 209 113 255 
-0.372288 -0.0181022 -0.0375194 252 190 118 255 
-0.371822 -0.014621 -0.0408982 207 190 142 255 
-0.372851 -0.00753395 -0.0491032 147 132 104 255 
-0.373538 -0.00103395 -0.0564556 173 144 119 255 
-0.374053 0.00525753 -0.0634732 206 181 151 255 
-0.374384 0.0112952 -0.0700964 163 140 114 255 
-0.374308 0.0165006 -0.0755662 190 171 134 255 
-0.37402 0.0213202 -0.0804837 215 183 162 255 
-0.373725 0.0262702 -0.0855336 231 220 180 255 
-0.411044 -0.0319806 -0.0518252 106 77 64 255 
-0.408672 -0.0322115 -0.0499741 77 82 59 255 
-0.406819 -0.0316348 -0.0493382 78 82 60 255 
-0.404485 -0.0318658 -0.0475127 75 87 64 255 
-0.402174 -0.0320942 -0.0457059 116 106 73 255 
-0.399887 -0.0323198 -0.0439176 93 83 69 255 
-0.397395 -0.0329366 -0.0415727 118 114 80 255 
-0.394936 -0.0335451 -0.0392593 86 81 72 255 
-0.392727 -0.0337594 -0.0375362 117 121 86 255 
-0.390751 -0.0335857 -0.0363859 99 103 85 255 
-0.388372 -0.0341808 -0.0341413 77 80 61 255 
-0.38643 -0.0340071 -0.0330136 114 94 71 255 
-0.384301 -0.0342146 -0.0313524 85 87 71 255 
-0.382193 -0.03442 -0.0297074 114 100 71 255 
-0.380296 -0.0342475 -0.0286088 91 113 96 255 
-0.37841 -0.0340765 -0.0275173 100 120 95 255 
-0.376904 -0.0331554 -0.0274848 86 77 60 255 
-0.375217 -0.0326114 -0.0269254 86 101 83 255 
-0.374073 -0.0309319 -0.0279479 215 168 121 255 
-0.37328 -0.0284697 -0.0300458 211 182 111 255 
-0.372117 -0.0267605 -0.0310886 229 180 101 255 
-0.372567 -0.0214265 -0.0370998 254 207 115 255 
-0.371924 -0.0184137 -0.0398874 255 190 112 255 
-0.372009 -0.0136388 -0.045053 176 152 114 255 
-0.373437 -0.00555481 -0.0546677 152 137 108 255 
-0.373946 0.000591412 -0.0615871 217 164 123 255 
-0.373867 0.00549862 -0.0667835 176 155 135 255 
-0.374196 0.0115743 -0.0735052 153 149 129 255 
-0.374117 0.0168137 -0.0790574 217 195 168 255 
-0.373825 0.0216646 -0.0840496 227 198 172 255 
-0.373525 0.0266482 -0.0891772 204 221 199 255 
-0.411325 -0.0315354 -0.055563 108 79 66 255 
-0.408934 -0.0317702 -0.0536795 80 84 57 255 
-0.407067 -0.0311908 -0.0530328 80 82 58 255 
-0.404716 -0.031425 -0.0511755 76 85 64 255 
-0.402387 -0.0316575 -0.0493374 104 103 72 255 
-0.400083 -0.0318875 -0.0475182 85 82 68 255 
-0.397572 -0.0325116 -0.045133 119 110 80 255 
-0.395096 -0.0331266 -0.0427799 89 84 70 255 
-0.39287 -0.0333448 -0.0410275 123 114 86 255 
-0.390667 -0.0335597 -0.0392927 98 112 94 255 
-0.388277 -0.034158 -0.0370177 76 80 56 255 
-0.386121 -0.0343665 -0.0353229 100 86 64 255 
-0.383788 -0.0349516 -0.0331001 81 81 69 255 
-0.381485 -0.0355295 -0.0309065 119 108 79 255 
-0.37978 -0.034979 -0.0303381 100 107 91 255 
-0.377893 -0.0348046 -0.0292392 94 118 98 255 
-0.376385 -0.033882 -0.0292067 81 81 58 255 
-0.374695 -0.0333357 -0.0286438 80 90 70 255 
-0.373727 -0.031276 -0.0302074 224 179 94 255 
-0.373109 -0.0284193 -0.0328696 218 181 107 255 
-0.37194 -0.0267005 -0.033927 247 196 110 255 
-0.372573 -0.020928 -0.0405893 255 202 111 255 
-0.37174 -0.0183103 -0.0428477 252 189 111 255 
-0.371823 -0.0135092 -0.0480858 183 143 112 255 
-0.373254 -0.00537799 -0.0578377 210 183 128 255 
-0.373364 -0.000151336 -0.0635539 197 178 129 255 
-0.373882 0.00623989 -0.070805 154 144 112 255 
-0.374006 0.0118568 -0.0769523 151 164 147 255 
-0.373924 0.0171296 -0.0825883 202 200 202 255 
-0.373627 0.0220129 -0.0876569 237 175 170 255 
-0.373322 0.0270303 -0.0928637 199 193 188 255 
-0.411347 -0.0314975 -0.0587245 110 85 69 255 
-0.409199 -0.0313238 -0.0574373 83 87 59 255 
-0.407067 -0.0311504 -0.0561591 79 84 59 255 
-0.404949 -0.0309787 -0.0548898 79 84 67 255 
-0.402362 -0.0316204 -0.0524121 113 116 83 255 
-0.400045 -0.031852 -0.0505677 87 81 71 255 
-0.397523 -0.0324789 -0.0481494 114 114 83 255 
-0.395033 -0.0330983 -0.0457639 88 81 62 255 
-0.392797 -0.033317 -0.0439875 89 82 67 255 
-0.390582 -0.0335332 -0.0422291 73 81 80 255 
-0.38818 -0.0341349 -0.0399231 71 83 60 255 
-0.385811 -0.0347273 -0.0376477 105 103 81 255 
-0.38367 -0.0349324 -0.0359527 82 81 74 255 
-0.381163 -0.0358899 -0.0331866 108 103 80 255 
-0.379453 -0.0353362 -0.0326126 103 103 80 255 
-0.37756 -0.0351609 -0.0315029 84 103 91 255 
-0.376047 -0.0342349 -0.0314703 77 82 60 255 
-0.374352 -0.0336874 -0.0309019 84 92 70 255 
-0.373379 -0.0316215 -0.0324818 222 187 101 255 
-0.372756 -0.028758 -0.0351717 217 168 109 255 
-0.371581 -0.0270356 -0.0362403 251 209 116 255 
-0.372393 -0.0208376 -0.0435483 255 196 110 255 
-0.371556 -0.0182049 -0.0458384 215 185 117 255 
-0.371448 -0.0138124 -0.0505482 222 177 129 255 
-0.37346 -0.0042714 -0.0623222 217 178 144 255 
-0.373575 0.00102104 -0.0681637 172 146 116 255 
-0.373896 0.00699103 -0.0748863 150 162 119 255 
-0.374022 0.0126629 -0.0811491 184 177 149 255 
-0.374363 0.0190729 -0.0883651 204 184 202 255 
-0.373854 0.0234797 -0.0928135 231 177 166 255 
-0.411632 -0.0310438 -0.0625584 110 85 69 255 
-0.409469 -0.0308705 -0.0612486 85 88 61 255 
-0.407066 -0.0311107 -0.0593186 81 84 62 255 
-0.405186 -0.0305263 -0.0586565 80 85 68 255 
-0.402579 -0.0311762 -0.0561353 111 106 80 255 
-0.400245 -0.0314104 -0.0542588 88 81 69 255 
-0.397703 -0.032046 -0.0517984 104 116 82 255 
-0.395195 -0.032672 -0.0493717 85 77 62 255 
-0.392722 -0.0332897 -0.046978 76 79 59 255 
-0.390496 -0.033507 -0.0451956 73 82 60 255 
-0.388083 -0.0341111 -0.0428581 71 82 65 255 
-0.385702 -0.0347078 -0.0405518 100 104 82 255 
-0.383551 -0.0349137 -0.0388339 82 80 71 255 
-0.381032 -0.0358757 -0.0360304 116 108 86 255 
-0.379122 -0.0356975 -0.0349023 116 104 79 255 
-0.377412 -0.0351436 -0.0343247 86 109 95 255 
-0.375706 -0.034591 -0.033749 78 81 59 255 
-0.374188 -0.0336626 -0.0337163 93 94 74 255 
-0.373572 -0.0308155 -0.0364165 230 203 111 255 
-0.372945 -0.0279221 -0.0391616 218 172 103 255 
-0.372491 -0.0245758 -0.0425233 249 213 120 255 
-0.372958 -0.0190726 -0.0488943 255 192 114 255 
-0.372302 -0.0159664 -0.0518514 238 166 121 255 
-0.372586 -0.0105895 -0.0579566 235 194 148 255 
-0.37387 -0.00267193 -0.0675457 175 148 136 255 
-0.373587 0.00172529 -0.0721811 184 179 112 255 
-0.373911 0.00775287 -0.0790287 160 173 126 255 
-0.374037 0.0134809 -0.0854095 223 202 159 255 
-0.374812 0.0210617 -0.0942763 219 190 185 255 
-0.411656 -0.0310033 -0.0657974 108 81 65 255 
-0.409481 -0.0308285 -0.0644691 83 88 61 255 
-0.40732 -0.0306559 -0.0631503 81 86 61 255 
-0.405175 -0.0304836 -0.0618408 81 84 62 255 
-0.402554 -0.0311367 -0.0592841 86 85 60 255 
-0.400208 -0.0313725 -0.0573813 79 87 68 255 
-0.397886 -0.0316068 -0.0554985 100 115 87 255 
-0.395132 -0.0326413 -0.0524261 86 79 60 255 
-0.392646 -0.0332619 -0.0499993 76 82 58 255 
-0.39041 -0.0334805 -0.0481925 73 82 60 255 
-0.387984 -0.0340885 -0.045823 72 82 70 255 
-0.385591 -0.0346877 -0.0434853 108 118 92 255 
-0.383431 -0.0348951 -0.0417443 88 81 70 255 
-0.3809 -0.0358617 -0.0389028 113 116 89 255 
-0.378981 -0.0356825 -0.0377597 127 115 79 255 
-0.377262 -0.0351257 -0.0371746 88 98 78 255 
-0.375548 -0.034571 -0.0365914 78 83 59 255 
-0.374022 -0.0336378 -0.0365588 111 103 75 255 
-0.374322 -0.0288173 -0.0421123 218 212 116 255 
-0.373693 -0.0258671 -0.0449425 225 182 106 255 
-0.373805 -0.0212078 -0.0501863 252 209 121 255 
-0.373729 -0.0168338 -0.0549811 240 184 117 255 
-0.372877 -0.0141049 -0.0574115 225 187 139 255 
-0.37298 -0.00908305 -0.0630502 178 144 127 255 
-0.374288 -0.00103767 -0.0728837 176 137 108 255 
-0.374212 0.00392675 -0.0783345 188 176 115 255 
-0.374134 0.00904092 -0.0839492 161 167 138 255 
-0.374478 0.0153819 -0.0912191 223 206 172 255 
-0.375272 0.0230972 -0.100327 232 157 156 255 
-0.411948 -0.0305404 -0.0697309 108 78 67 255 
-0.409755 -0.0303666 -0.068379 82 85 60 255 
-0.407578 -0.0301941 -0.0670369 81 86 59 255 
-0.405416 -0.0300221 -0.0657043 78 86 61 255 
-0.402775 -0.0306835 -0.0631025 81 86 61 255 
-0.400411 -0.0309233 -0.0611662 82 87 68 255 
-0.398071 -0.0311617 -0.0592503 107 114 84 255 
-0.395297 -0.0322068 -0.0561243 86 80 58 255 
-0.392792 -0.0328347 -0.0536555 76 83 56 255 
-0.39054 -0.0330572 -0.0518176 74 83 60 255 
-0.388097 -0.0336719 -0.0494074 77 84 69 255 
-0.385687 -0.034278 -0.0470298 98 119 91 255 
-0.383309 -0.0348758 -0.0446841 87 81 69 255 
-0.380962 -0.0354654 -0.0423697 100 120 92 255 
-0.37903 -0.0352862 -0.0412075 121 107 82 255 
-0.37711 -0.0351087 -0.0400531 89 89 72 255 
-0.375574 -0.0341692 -0.0400203 77 83 62 255 
-0.374221 -0.0328451 -0.0405472 137 116 76 255 
-0.373596 -0.0299532 -0.0433408 219 216 119 255 
-0.372961 -0.0270132 -0.0461815 250 209 116 255 
-0.37401 -0.0202753 -0.054458 250 191 119 255 
-0.373357 -0.0171525 -0.0574895 231 173 122 255 
-0.373078 -0.0130894 -0.0618376 174 141 119 255 
-0.37358 -0.0070819 -0.0689116 166 136 107 255 
-0.374305 -0.000345096 -0.0769584 164 184 116 255 
-0.374229 0.00466694 -0.0825107 173 179 117 255 
-0.37415 0.00983107 -0.0882313 157 169 152 255 
-0.374497 0.0162365 -0.0956401 209 214 204 255 
-0.375076 0.0234618 -0.104131 213 214 177 255 
-0.412243 -0.0300715 -0.0737216 111 79 65 255 
-0.410033 -0.0298985 -0.0723458 81 85 62 255 
-0.407579 -0.0301489 -0.0703181 79 88 58 255 
-0.405661 -0.0295553 -0.0696235 81 88 61 255 
-0.40275 -0.0306409 -0.0663278 79 84 63 255 
-0.400132 -0.0312959 -0.0637262 80 84 65 255 
-0.397786 -0.0315325 -0.0617902 87 84 63 255 
-0.395233 -0.0321735 -0.0592518 79 83 60 255 
-0.392716 -0.032805 -0.0567486 76 82 59 255 
-0.390233 -0.0334275 -0.0542798 75 84 59 255 
-0.387784 -0.0340417 -0.0518446 81 85 66 255 
-0.385575 -0.0342565 -0.0500316 101 118 81 255 
-0.383388 -0.0344679 -0.048237 92 85 68 255 
-0.380828 -0.0354499 -0.045308 104 120 96 255 
-0.378886 -0.0352695 -0.0441303 113 109 78 255 
-0.377147 -0.0347078 -0.043528 89 84 61 255 
-0.3756 -0.0337617 -0.043495 79 84 64 255 
-0.374238 -0.0324282 -0.0440313 175 132 80 255 
-0.373795 -0.0291165 -0.0474539 240 220 121 255 
-0.373156 -0.0261442 -0.0503538 255 200 118 255 
-0.374218 -0.0193262 -0.0588043 247 166 117 255 
-0.37395 -0.0152902 -0.0631686 183 154 129 255 
-0.373675 -0.0111526 -0.067642 163 140 106 255 
-0.373792 -0.0059734 -0.0735708 161 183 114 255 
-0.375152 0.00233908 -0.0839192 181 155 111 255 
-0.374456 0.00592794 -0.0874737 174 165 118 255 
-0.374379 0.0111604 -0.093325 157 172 155 255 
-0.374516 0.0171042 -0.10013 199 228 205 255 
-0.41227 -0.0300259 -0.0770871 109 81 66 255 
-0.410315 -0.0294237 -0.0763702 81 86 62 255 
-0.407842 -0.0296782 -0.0743063 83 84 59 255 
-0.405652 -0.0295058 -0.0729309 82 85 59 255 
-0.402725 -0.0305989 -0.0695881 77 83 61 255 
-0.399851 -0.0316717 -0.0663044 80 85 61 255 
-0.397262 -0.0323168 -0.0637121 78 84 61 255 
-0.394708 -0.0329528 -0.061156 76 84 62 255 
-0.39219 -0.0335799 -0.0586353 76 83 60 255 
-0.389924 -0.0338002 -0.0567591 78 82 58 255 
-0.387469 -0.034414 -0.0542988 89 88 62 255 
-0.385461 -0.0342345 -0.0530644 99 117 83 255 
-0.383264 -0.0344473 -0.0512453 100 93 70 255 
-0.38089 -0.0350473 -0.0488594 97 117 105 255 
-0.378935 -0.0348668 -0.047662 119 127 93 255 
-0.377184 -0.0343013 -0.0470497 94 83 59 255 
-0.375626 -0.0333496 -0.0470166 78 88 68 255 
-0.374441 -0.0316136 -0.0481436 207 155 94 255 
-0.374186 -0.0278615 -0.0522321 250 210 121 255 
-0.373543 -0.0248479 -0.0552031 242 179 112 255 
-0.37443 -0.0183605 -0.0632273 235 178 123 255 
-0.37436 -0.0138294 -0.0683367 167 154 106 255 
-0.374287 -0.00916655 -0.0735937 158 183 114 255 
-0.374416 -0.00388771 -0.0796974 178 150 111 255 
-0.375811 0.00459388 -0.0903565 196 163 116 255 
-0.375325 0.00877422 -0.0947686 175 171 121 255 
-0.375044 0.0135917 -0.100052 154 174 143 255 
-0.375415 0.0202229 -0.10787 175 183 178 255 
-0.412571 -0.0295476 -0.0811836 111 85 69 255 
-0.410331 -0.0293737 -0.079763 84 89 62 255 
-0.407845 -0.0296301 -0.0776695 82 87 61 255 
-0.405642 -0.0294572 -0.0762744 82 88 62 255 
-0.4027 -0.0305558 -0.0728836 80 87 62 255 
-0.399568 -0.0320498 -0.0689012 80 86 59 255 
-0.396971 -0.0326948 -0.0662816 77 84 61 255 
-0.394411 -0.03333 -0.0636986 77 83 61 255 
-0.391885 -0.0339574 -0.0611516 75 82 59 255 
-0.389614 -0.0341762 -0.0592559 76 84 58 255 
-0.387151 -0.0347893 -0.0567701 97 93 64 255 
-0.385138 -0.0346075 -0.0555231 97 113 86 255 
-0.382935 -0.0348196 -0.0536853 108 97 73 255 
-0.380753 -0.0350295 -0.0518661 97 116 106 255 
-0.378788 -0.0348486 -0.0506525 117 127 96 255 
-0.377221 -0.0338901 -0.0506193 93 80 57 255 
-0.375652 -0.0329317 -0.0505861 81 87 68 255 
-0.37446 -0.0311823 -0.0517328 221 166 94 255 
-0.374202 -0.0274002 -0.0558927 249 184 109 255 
-0.37413 -0.0231054 -0.0607756 242 172 109 255 
-0.375242 -0.016053 -0.0696821 222 194 118 255 
-0.375588 -0.0105023 -0.0763109 183 146 106 255 
-0.376155 -0.00426328 -0.0838897 209 175 114 255 
-0.375894 0.000227809 -0.088862 183 180 117 255 
-0.376923 0.00795449 -0.0984839 192 161 112 255 
-0.376884 0.0133316 -0.104633 172 169 123 255 
-0.375948 0.0166424 -0.107761 185 176 132 255 
-0.375666 0.0217137 -0.113384 209 183 151 255 
-0.412877 -0.029062 -0.0853408 111 85 69 255 
-0.410891 -0.0284532 -0.0845983 86 91 62 255 
-0.408112 -0.0291498 -0.0817631 83 86 60 255 
-0.406153 -0.0285461 -0.0810339 81 86 61 255 
-0.40318 -0.0296627 -0.0775694 80 85 60 255 
-0.399769 -0.0315983 -0.0728372 79 86 59 255 
-0.396915 -0.032664 -0.0695191 77 83 58 255 
-0.394341 -0.0333034 -0.0668998 78 84 60 255 
-0.391803 -0.0339337 -0.0643171 79 82 57 255 
-0.3893 -0.0345552 -0.0617703 76 86 61 255 
-0.386831 -0.0351677 -0.0592586 105 93 66 255 
-0.384813 -0.0349834 -0.0579988 98 119 87 255 
-0.382807 -0.0348005 -0.0567478 111 98 72 255 
-0.380815 -0.0346188 -0.0555051 93 110 98 255 
-0.37864 -0.0348304 -0.0536737 107 114 91 255 
-0.377064 -0.0338668 -0.0536404 90 81 59 255 
-0.375679 -0.032508 -0.0542043 86 89 71 255 
-0.374668 -0.0303456 -0.0559746 223 160 93 255 
-0.37441 -0.02652 -0.0602218 243 167 109 255 
-0.373952 -0.0230246 -0.0639403 200 188 123 255 
-0.375266 -0.0154855 -0.0736393 172 143 104 255 
-0.378135 -0.00415763 -0.0888656 153 143 106 255 
-0.379216 0.00342938 -0.0984509 207 158 110 255 
-0.378987 0.00818275 -0.103795 181 175 117 255 
-0.378299 0.0119761 -0.107691 176 178 119 255 
-0.377371 0.0152892 -0.110855 161 161 122 255 
-0.376428 0.0186555 -0.11407 187 167 138 255 
-0.413186 -0.0285703 -0.0895602 108 82 65 255 
-0.411185 -0.0279577 -0.0888045 82 89 61 255 
-0.408652 -0.0282262 -0.0866262 85 86 59 255 
-0.406673 -0.0276184 -0.0858813 84 88 61 255 
-0.403411 -0.0291855 -0.0816478 83 86 59 255 
-0.399973 -0.0311406 -0.0768302 80 85 58 255 
-0.396858 -0.0326328 -0.0727915 78 84 60 255 
-0.394271 -0.0332756 -0.0701353 76 84 60 255 
-0.391719 -0.0339102 -0.0675163 78 84 59 255 
-0.389204 -0.0345345 -0.0649338 78 84 60 255 
-0.386723 -0.0351509 -0.0623872 116 97 70 255 
-0.384694 -0.0349659 -0.0611103 91 102 86 255 
-0.382678 -0.0347823 -0.0598421 113 98 69 255 
-0.380676 -0.0345993 -0.0585826 101 108 86 255 
-0.378688 -0.0344176 -0.0573317 97 108 90 255 
-0.376906 -0.0338436 -0.0566928 84 83 60 255 
-0.375706 -0.0320796 -0.0578725 89 92 75 255 
-0.374688 -0.0298998 -0.0596738 223 161 104 255 
-0.374623 -0.0256244 -0.0646268 236 178 123 255 
-0.374555 -0.0212289 -0.0697201 195 142 106 255 
-0.375901 -0.0135441 -0.0797003 153 159 111 255 
-0.37994 0.000529915 -0.0991376 167 141 107 255 
-0.379948 0.00575887 -0.105261 206 149 113 255 
-0.379726 0.0106099 -0.110773 172 150 114 255 
-0.379035 0.0144804 -0.114793 187 174 121 255 
-0.37833 0.0184286 -0.118893 162 154 123 255 
-0.413219 -0.0285153 -0.0931105 107 85 66 255 
-0.411206 -0.0278991 -0.0923438 83 88 60 255 
-0.408658 -0.0281699 -0.0901337 85 87 60 255 
-0.406936 -0.0271169 -0.0900974 84 86 59 255 
-0.403646 -0.028701 -0.0857865 81 86 60 255 
-0.40018 -0.0306762 -0.0808813 80 87 59 255 
-0.39704 -0.0321846 -0.0767701 80 86 59 255 
-0.394433 -0.0328349 -0.0740666 79 83 60 255 
-0.391863 -0.0334764 -0.0714014 78 84 59 255 
-0.389328 -0.0341087 -0.0687736 77 83 56 255 
-0.386828 -0.0347323 -0.0661825 90 88 61 255 
-0.384574 -0.0349478 -0.0642543 78 88 68 255 
-0.382548 -0.0347635 -0.0629688 112 109 77 255 
-0.380536 -0.0345799 -0.0616921 107 107 86 255 
-0.378538 -0.0343969 -0.0604241 91 113 93 255 
-0.376942 -0.0334222 -0.0603906 80 84 63 255 
-0.375733 -0.0316454 -0.0615912 109 95 84 255 
-0.375096 -0.0286273 -0.0646801 228 178 123 255 
-0.375431 -0.0234369 -0.0710563 227 178 117 255 
-0.379766 -0.00930148 -0.090962 173 181 107 255 
-0.380438 -0.00285943 -0.0990647 137 147 107 255 
-0.38068 0.00281504 -0.105944 184 174 115 255 
-0.380469 0.00761563 -0.111454 209 151 114 255 
-0.380485 0.0131047 -0.117946 202 170 117 255 
-0.379324 0.0159221 -0.12041 170 152 123 255 
-0.378615 0.0199252 -0.124609 148 155 139 255 
-0.413535 -0.0280133 -0.0974447 108 85 67 255 
-0.411507 -0.0273931 -0.0966643 83 88 61 255 
-0.408938 -0.0276685 -0.0944135 84 88 62 255 
-0.407201 -0.0266082 -0.094377 84 87 62 255 
-0.403885 -0.0282094 -0.0899866 83 88 62 255 
-0.40039 -0.0302055 -0.084992 82 87 60 255 
-0.397225 -0.0317297 -0.0808066 80 85 60 255 
-0.394598 -0.0323884 -0.0780547 79 84 60 255 
-0.392007 -0.0330376 -0.0753421 77 83 60 255 
-0.38923 -0.0340869 -0.0720139 76 85 59 255 
-0.386935 -0.0343085 -0.0700315 77 84 59 255 
-0.384664 -0.0345277 -0.0680696 77 82 63 255 
-0.382624 -0.0343428 -0.0667619 107 102 76 255 
-0.380597 -0.0341594 -0.0654633 93 102 81 255 
-0.378785 -0.0335765 -0.0648004 77 95 84 255 
-0.376978 -0.0329959 -0.0641399 81 87 61 255 
-0.375956 -0.030798 -0.0659931 125 107 88 255 
-0.375512 -0.0273291 -0.0697921 202 189 135 255 
-0.375857 -0.0220602 -0.0763284 200 178 103 255 
-0.380045 -0.00817339 -0.0960055 206 157 100 255 
-0.380728 -0.00164625 -0.104293 152 140 108 255 
-0.380519 0.00305578 -0.109738 196 178 117 255 
-0.380536 0.00842918 -0.116151 211 148 114 255 
-0.380318 0.0134155 -0.121927 178 142 120 255 
-0.378915 0.0156833 -0.123579 172 153 143 255 
-0.378198 0.0197005 -0.127827 195 212 182 255 
-0.377467 0.0237998 -0.132163 235 229 193 255 
-0.413855 -0.027504 -0.101845 110 85 69 255 
-0.411811 -0.0268803 -0.101051 85 89 64 255 
-0.409221 -0.0271602 -0.0987581 84 89 62 255 
-0.4072 -0.026542 -0.0979752 84 87 62 255 
-0.404127 -0.0277104 -0.0942497 83 84 60 255 
-0.40035 -0.0301611 -0.0884526 82 87 61 255 
-0.397168 -0.0316937 -0.0842067 81 86 60 255 
-0.394527 -0.0323564 -0.0814155 78 84 60 255 
-0.391923 -0.033009 -0.0786644 77 88 61 255 
-0.389132 -0.0340636 -0.0752891 77 87 64 255 
-0.386825 -0.0342871 -0.0732787 92 100 75 255 
-0.384755 -0.0341015 -0.0719389 82 83 65 255 
-0.3827 -0.0339175 -0.0706085 85 86 67 255 
-0.380659 -0.0337343 -0.0692874 80 87 63 255 
-0.378833 -0.0331479 -0.0686134 77 86 62 255 
-0.377412 -0.0317505 -0.0692196 80 87 65 255 
-0.376381 -0.0295225 -0.0711191 164 117 90 255 
-0.375937 -0.0260034 -0.0750134 161 141 124 255 
-0.375886 -0.0215338 -0.0803484 202 179 103 255 
-0.379886 -0.0080021 -0.099635 216 168 104 255 
-0.380343 -0.00194272 -0.107265 156 144 105 255 
-0.380127 0.00277391 -0.112772 202 163 114 255 
-0.379906 0.00762218 -0.118432 193 148 120 255 
-0.379678 0.0126065 -0.124251 175 152 141 255 
-0.379206 0.0171575 -0.129366 202 213 188 255 
-0.378485 0.021231 -0.133718 213 217 193 255 
-0.377511 0.0247863 -0.137256 235 224 182 255 
-0.414181 -0.026987 -0.106313 110 88 70 255 
-0.411836 -0.0268146 -0.104735 86 91 65 255 
-0.409231 -0.0270966 -0.102408 84 89 61 255 
-0.407198 -0.0264756 -0.101614 82 87 62 255 
-0.404107 -0.0276517 -0.097834 81 86 61 255 
-0.40031 -0.0301156 -0.091952 79 86 62 255 
-0.397356 -0.0312301 -0.0883498 80 85 61 255 
-0.394694 -0.031901 -0.0855083 79 84 61 255 
-0.391837 -0.0329808 -0.0820227 77 85 63 255 
-0.389257 -0.0336278 -0.0792722 88 90 72 255 
-0.386933 -0.0338547 -0.0772265 122 135 105 255 
-0.384848 -0.0336697 -0.0758633 93 99 85 255 
-0.382567 -0.0338944 -0.0738536 93 111 86 255 
-0.380722 -0.0333028 -0.0731656 80 87 72 255 
-0.379087 -0.0323041 -0.0731316 76 86 64 255 
-0.377451 -0.0313053 -0.0730975 79 87 68 255 
-0.376614 -0.0286408 -0.0756918 133 115 89 255 
-0.37637 -0.02465 -0.0803474 132 129 102 255 
-0.376325 -0.0201117 -0.0858187 188 184 103 255 
-0.379724 -0.00782962 -0.103306 195 197 113 255 
-0.379954 -0.00224093 -0.11026 153 141 111 255 
-0.379732 0.00248948 -0.11583 206 176 113 255 
-0.379273 0.00681122 -0.120722 186 179 131 255 
-0.379035 0.0117944 -0.126586 205 215 180 255 
-0.379027 0.0174986 -0.133499 224 198 185 255 
-0.41393 -0.0273794 -0.10928 107 86 68 255 
-0.411861 -0.0267488 -0.108462 86 91 66 255 
-0.409241 -0.0270329 -0.106101 86 90 64 255 
-0.407196 -0.026408 -0.105296 83 90 66 255 
-0.404088 -0.0275917 -0.101459 83 86 61 255 
-0.400524 -0.0296332 -0.0962223 81 87 64 255 
-0.397546 -0.0307599 -0.0925544 80 86 62 255 
-0.394863 -0.0314387 -0.0896613 77 84 61 255 
-0.391984 -0.0325311 -0.0861129 78 84 60 255 
-0.389384 -0.0331859 -0.0833131 84 91 72 255 
-0.387042 -0.033417 -0.081231 112 126 105 255 
-0.384942 -0.0332319 -0.0798439 89 98 100 255 
-0.382856 -0.0330479 -0.0784666 119 143 112 255 
-0.380994 -0.0324533 -0.0777645 124 133 99 255 
-0.379138 -0.0318597 -0.0770649 91 85 65 255 
-0.377694 -0.0304374 -0.077696 79 88 77 255 
-0.376851 -0.027743 -0.0803465 108 122 102 255 
-0.376402 -0.0241411 -0.0844115 132 136 101 255 
-0.376151 -0.0200116 -0.0892728 198 174 106 255 
-0.379117 -0.00863698 -0.105476 213 180 110 255 
-0.379562 -0.00254272 -0.113279 180 139 108 255 
-0.379105 0.00167675 -0.118093 192 172 121 255 
-0.378637 0.00599718 -0.123022 210 199 159 255 
-0.378623 0.0115374 -0.129793 227 204 183 255 
-0.414259 -0.0268564 -0.113858 106 86 68 255 
-0.411886 -0.026683 -0.112233 89 89 65 255 
-0.409531 -0.0265113 -0.11062 90 92 70 255 
-0.40747 -0.0258819 -0.1098 103 103 82 255 
-0.404068 -0.0275307 -0.105126 90 92 66 255 
-0.400742 -0.0291424 -0.100557 83 86 63 255 
-0.397739 -0.030283 -0.0968217 80 87 59 255 
-0.394791 -0.0314018 -0.0931551 79 86 58 255 
-0.392133 -0.0320749 -0.090263 77 83 59 255 
-0.389283 -0.033159 -0.0867156 82 89 69 255 
-0.387152 -0.0329732 -0.0852938 96 111 96 255 
-0.384818 -0.0332054 -0.0831973 102 103 85 255 
-0.382722 -0.0330204 -0.0818008 127 134 120 255 
-0.38085 -0.0324221 -0.081089 127 137 105 255 
-0.37919 -0.0314094 -0.0810548 93 84 65 255 
-0.377736 -0.0299759 -0.0816975 79 89 73 255 
-0.376682 -0.0276868 -0.0837091 106 123 89 255 
-0.376435 -0.0236255 -0.088535 158 147 105 255 
-0.375974 -0.0199111 -0.0927654 210 171 110 255 
-0.378067 -0.0104228 -0.10611 193 155 111 255 
-0.378268 -0.00487947 -0.113113 162 151 114 255 
-0.378023 -0.000185058 -0.118723 194 166 147 255 
-0.377999 0.00517894 -0.125331 222 204 183 255 
-0.414005 -0.0272541 -0.11689 106 86 67 255 
-0.411911 -0.0266161 -0.116048 85 89 65 255 
-0.40926 -0.0269043 -0.113616 90 92 73 255 
-0.407191 -0.0262724 -0.112786 103 121 92 255 
-0.403779 -0.027923 -0.108061 99 109 81 255 
-0.400703 -0.0290916 -0.104198 96 95 69 255 
-0.397683 -0.0302391 -0.100408 82 87 63 255 
-0.394719 -0.0313644 -0.096688 79 85 61 255 
-0.392046 -0.0320413 -0.0937541 79 84 61 255 
-0.389412 -0.0327086 -0.0908629 82 90 68 255 
-0.38704 -0.0329445 -0.0887135 82 101 89 255 
-0.384693 -0.0331783 -0.0865873 101 114 89 255 
-0.382801 -0.0325743 -0.0858607 132 130 113 255 
-0.380914 -0.0319729 -0.0851366 107 121 89 255 
-0.379243 -0.0309526 -0.0851021 83 87 66 255 
-0.377985 -0.0290832 -0.0864488 77 90 72 255 
-0.376717 -0.0271995 -0.0878054 110 123 90 255 
-0.376468 -0.0231026 -0.0927193 193 138 98 255 
-0.376003 -0.0193553 -0.0970278 223 181 111 255 
-0.377239 -0.0117197 -0.107513 170 147 117 255 
-0.377425 -0.00619903 -0.11454 156 153 134 255 
-0.377168 -0.00152311 -0.120169 207 209 179 255 
-0.414339 -0.0267234 -0.121582 104 88 66 255 
-0.411937 -0.0265493 -0.119908 85 89 65 255 
-0.40927 -0.0268392 -0.117439 90 93 74 255 
-0.40691 -0.026666 -0.115797 99 119 96 255 
-0.403756 -0.0278648 -0.111801 94 108 85 255 
-0.400662 -0.0290409 -0.107881 97 106 80 255 
-0.397626 -0.0301947 -0.104035 98 98 75 255 
-0.394647 -0.0313264 -0.10026 89 91 65 255 
-0.391959 -0.0320073 -0.0972841 80 86 63 255 
-0.389079 -0.0331042 -0.0936334 80 85 62 255 
-0.386925 -0.0329168 -0.0921709 80 89 68 255 
-0.384787 -0.0327298 -0.0907191 93 99 81 255 
-0.38288 -0.0321226 -0.0899797 130 116 93 255 
-0.38098 -0.0315173 -0.0892431 101 109 74 255 
-0.379507 -0.0300638 -0.0899103 82 86 62 255 
-0.378238 -0.0281735 -0.091287 82 91 73 255 
-0.377167 -0.0258323 -0.0933882 114 126 93 255 
-0.376711 -0.0221224 -0.0976962 197 159 106 255 
-0.376034 -0.0187906 -0.101354 224 191 117 255 
-0.376411 -0.0130168 -0.108915 167 167 128 255 
-0.376581 -0.00751959 -0.115967 197 193 159 255 
-0.376313 -0.00286034 -0.121616 228 198 174 255 
-0.414081 -0.027126 -0.12468 104 87 68 255 
-0.411962 -0.0264814 -0.123813 89 90 65 255 
-0.409279 -0.0267733 -0.121307 89 92 74 255 
-0.406906 -0.0265992 -0.11964 97 117 95 255 
-0.403734 -0.0278054 -0.115585 93 108 85 255 
-0.400884 -0.0285377 -0.112389 98 113 89 255 
-0.397569 -0.0301499 -0.107703 101 109 80 255 
-0.394819 -0.0308497 -0.104626 103 109 79 255 
-0.39211 -0.0315392 -0.101595 103 92 68 255 
-0.389207 -0.0326487 -0.0978782 87 86 63 255 
-0.387037 -0.0324615 -0.0963895 81 86 62 255 
-0.384882 -0.032275 -0.0949116 84 91 65 255 
-0.38318 -0.0312364 -0.0948767 124 104 74 255 
-0.381478 -0.0301977 -0.0948418 110 112 70 255 
-0.37999 -0.0287251 -0.0955267 86 86 62 255 
-0.378921 -0.0263698 -0.0976671 87 95 72 255 
-0.377628 -0.0244345 -0.0990955 117 131 96 255 
-0.376747 -0.0215799 -0.10202 194 151 108 255 
-0.376491 -0.0172839 -0.107271 201 152 117 255 
-0.376011 -0.0133555 -0.111878 193 165 143 255 
-0.375957 -0.00834171 -0.118201 218 207 184 255 
-0.414419 -0.0265887 -0.129491 104 86 68 255 
-0.411988 -0.0264125 -0.127765 89 90 64 255 
-0.409289 -0.0267069 -0.125221 87 93 73 255 
-0.406901 -0.0265323 -0.123529 92 111 95 255 
-0.403711 -0.0277457 -0.119413 93 110 94 255 
-0.400845 -0.0284828 -0.116169 100 124 100 255 
-0.397766 -0.029657 -0.112193 101 110 89 255 
-0.394994 -0.030366 -0.109059 105 112 86 255 
-0.392262 -0.0310652 -0.105972 114 105 77 255 
-0.389572 -0.0317526 -0.102931 111 106 74 255 
-0.38738 -0.031567 -0.101409 105 86 62 255 
-0.385203 -0.0313822 -0.0998996 88 88 63 255 
-0.383486 -0.0303336 -0.0998644 98 87 66 255 
-0.381768 -0.0292851 -0.0998292 94 91 65 255 
-0.380266 -0.0277977 -0.10053 84 87 62 255 
-0.379189 -0.0254155 -0.102718 93 99 72 255 
-0.377884 -0.0234588 -0.104179 123 135 99 255 
-0.376996 -0.0205694 -0.107169 185 172 111 255 
-0.37631 -0.0171655 -0.11098 198 184 130 255 
-0.376042 -0.0127273 -0.116453 221 211 174 255 
-0.414159 -0.0269956 -0.132658 103 86 68 255 
-0.411719 -0.0268175 -0.130913 87 91 64 255 
-0.409298 -0.0266406 -0.129182 87 93 67 255 
-0.406896 -0.0264643 -0.127465 90 97 77 255 
-0.403961 -0.0272225 -0.124108 96 111 94 255 
-0.401339 -0.027508 -0.121615 100 113 95 255 
-0.398225 -0.0287036 -0.117548 101 105 90 255 
-0.395423 -0.0294265 -0.114343 96 111 86 255 
-0.392662 -0.0301392 -0.111187 104 110 79 255 
-0.389943 -0.0308404 -0.108078 112 111 81 255 
-0.387729 -0.0306564 -0.106524 119 102 76 255 
-0.385531 -0.030473 -0.104981 117 104 72 255 
-0.383797 -0.0294153 -0.104945 103 90 67 255 
-0.382063 -0.0283563 -0.10491 87 88 68 255 
-0.380547 -0.0268534 -0.105627 82 89 63 255 
-0.379243 -0.0248955 -0.107104 100 105 76 255 
-0.377928 -0.0229221 -0.108592 126 140 102 255 
-0.377034 -0.020006 -0.111639 174 188 115 255 
-0.376342 -0.0165712 -0.115522 212 197 144 255 
-0.376073 -0.0120904 -0.121099 231 203 183 255 
-0.414198 -0.0269304 -0.136719 103 86 67 255 
-0.411743 -0.0267511 -0.134948 85 90 65 255 
-0.409018 -0.0270466 -0.132336 85 91 63 255 
-0.406607 -0.0268682 -0.130599 91 92 69 255 
-0.403938 -0.0271595 -0.128039 93 113 92 255 
-0.401301 -0.027447 -0.125508 94 105 91 255 
-0.398431 -0.0281912 -0.122193 96 111 88 255 
-0.395605 -0.028924 -0.118928 96 113 88 255 
-0.392822 -0.0296459 -0.115712 98 115 90 255 
-0.390321 -0.0299105 -0.113324 98 111 87 255 
-0.387849 -0.0301723 -0.110963 105 109 85 255 
-0.385864 -0.0295474 -0.110158 120 109 79 255 
-0.384113 -0.0284792 -0.110122 126 112 81 255 
-0.382363 -0.027411 -0.110087 92 101 87 255 
-0.380833 -0.025892 -0.11082 83 89 66 255 
-0.379298 -0.0243668 -0.111556 109 111 81 255 
-0.378411 -0.0214515 -0.114637 145 135 102 255 
-0.377073 -0.0194345 -0.116177 177 199 129 255 
-0.376814 -0.0150017 -0.121753 222 216 172 255 
-0.414238 -0.0268642 -0.140829 101 85 68 255 
-0.411768 -0.0266837 -0.139031 83 89 65 255 
-0.409026 -0.0269816 -0.136379 83 90 65 255 
-0.4066 -0.0268022 -0.134617 92 94 71 255 
-0.403916 -0.0270955 -0.132017 97 124 95 255 
-0.401262 -0.0273857 -0.129449 95 108 92 255 
-0.398376 -0.0281346 -0.126083 90 112 91 255 
-0.39579 -0.0284146 -0.123583 93 105 90 255 
-0.392983 -0.0291458 -0.120308 95 114 95 255 
-0.390463 -0.0294151 -0.117875 94 112 95 255 
-0.387971 -0.0296812 -0.11547 103 114 89 255 
-0.38597 -0.0290523 -0.11465 117 113 84 255 
-0.384206 -0.0279766 -0.114614 137 116 85 255 
-0.382442 -0.0268999 -0.114579 95 102 88 255 
-0.380901 -0.0253686 -0.115326 86 89 70 255 
-0.379575 -0.0233703 -0.116866 112 114 86 255 
-0.37846 -0.0208893 -0.119216 142 135 109 255 
-0.377331 -0.0183788 -0.121593 197 182 140 255 
-0.376851 -0.0143786 -0.126468 223 191 176 255 
-0.413972 -0.0272794 -0.144094 107 94 73 255 
-0.411493 -0.0270968 -0.142276 85 88 63 255 
-0.408741 -0.0273933 -0.139594 82 90 65 255 
-0.406307 -0.0272118 -0.137812 92 93 70 255 
-0.403613 -0.0275039 -0.135183 97 116 92 255 
-0.401223 -0.0273231 -0.133436 94 107 92 255 
-0.398319 -0.0280776 -0.130019 91 114 91 255 
-0.395719 -0.028359 -0.127482 89 103 92 255 
-0.393148 -0.0286376 -0.124974 95 118 98 255 
-0.390607 -0.0289117 -0.122496 96 121 101 255 
-0.388094 -0.0291838 -0.120046 103 119 95 255 
-0.386078 -0.0285509 -0.119211 113 112 89 255 
-0.384532 -0.027011 -0.119974 126 111 85 255 
-0.382751 -0.0259243 -0.119938 92 96 77 255 
-0.380969 -0.0248375 -0.119902 86 91 72 255 
-0.379633 -0.0228219 -0.121471 113 120 91 255 
-0.378509 -0.020318 -0.123866 138 146 128 255 
-0.377372 -0.0177852 -0.126289 211 205 169 255 
-0.411215 -0.0275139 -0.145547 102 99 74 255 
-0.408454 -0.0278084 -0.142835 87 92 69 255 
-0.406011 -0.0276247 -0.141032 92 96 73 255 
-0.403308 -0.0279156 -0.138374 98 108 90 255 
-0.400909 -0.0277328 -0.136607 98 111 89 255 
-0.398262 -0.0280201 -0.134001 98 114 88 255 
-0.395646 -0.0283035 -0.131426 95 108 95 255 
-0.393061 -0.0285837 -0.128881 94 114 99 255 
-0.390505 -0.0288603 -0.126366 96 117 100 255 
-0.388219 -0.0286781 -0.124693 99 108 96 255 
-0.386187 -0.0280411 -0.123843 110 112 91 255 
-0.384396 -0.0269481 -0.123807 120 106 84 255 
-0.382603 -0.0258557 -0.123771 93 92 68 255 
-0.381038 -0.0242987 -0.124548 86 92 74 255 
-0.379692 -0.0222649 -0.126148 116 128 100 255 
-0.37856 -0.0197387 -0.128589 178 163 143 255 
-0.377637 -0.0166958 -0.1319 216 192 173 255 
-0.407873 -0.0287052 -0.145208 114 108 83 255 
-0.405427 -0.0285175 -0.143392 97 100 79 255 
-0.402722 -0.0288035 -0.140715 96 102 86 255 
-0.40032 -0.0286167 -0.138935 101 109 84 255 
-0.397938 -0.0284311 -0.13717 99 112 87 255 
-0.395313 -0.0287137 -0.134566 101 103 90 255 
-0.392719 -0.0289921 -0.131992 95 113 96 255 
-0.390402 -0.0288081 -0.130281 94 112 99 255 
-0.388103 -0.0286248 -0.128584 96 110 101 255 
-0.386059 -0.0279848 -0.127722 107 118 92 255 
-0.384257 -0.0268851 -0.127685 115 109 84 255 
-0.382686 -0.0253216 -0.128475 93 90 65 255 
-0.381109 -0.0237511 -0.129267 87 95 76 255 
-0.379525 -0.0221742 -0.130062 122 136 116 255 
-0.378385 -0.0196323 -0.132541 205 195 164 255 
-0.404556 -0.0298869 -0.144872 125 118 93 255 
-0.402132 -0.0296956 -0.143065 111 107 84 255 
-0.399728 -0.0295048 -0.141273 100 103 79 255 
-0.397343 -0.0293153 -0.139494 99 107 85 255 
-0.394976 -0.0291279 -0.13773 100 110 88 255 
-0.392374 -0.0294046 -0.135128 97 107 91 255 
-0.390049 -0.0292179 -0.133398 101 108 89 255 
-0.387742 -0.0290329 -0.131682 96 112 96 255 
-0.385691 -0.0283886 -0.13081 102 113 91 255 
-0.383882 -0.0272853 -0.130774 102 112 91 255 
-0.382304 -0.0257163 -0.131573 90 90 66 255 
-0.380719 -0.024141 -0.132374 92 99 81 255 
-0.379128 -0.0225583 -0.133179 159 151 132 255 
-0.37798 -0.0200094 -0.135686 211 193 175 255 
-0.399134 -0.0303963 -0.143619 123 113 88 255 
-0.396746 -0.0302037 -0.141828 108 107 82 255 
-0.394377 -0.0300113 -0.140052 97 109 84 255 
-0.391773 -0.0302842 -0.137431 104 105 86 255 
-0.389446 -0.0300937 -0.135689 108 108 84 255 
-0.387379 -0.0294441 -0.134805 97 112 90 255 
-0.38532 -0.0287971 -0.133924 94 108 92 255 
-0.383503 -0.0276893 -0.133887 98 108 91 255 
-0.381686 -0.0265812 -0.133851 89 90 68 255 
-0.380097 -0.0250043 -0.134659 100 106 95 255 
-0.378728 -0.0229462 -0.136321 200 182 153 255 
-0.3778 -0.0199042 -0.13972 221 180 153 255 
-0.396147 -0.0310944 -0.144172 136 126 93 255 
-0.393775 -0.0308989 -0.142383 118 110 87 255 
-0.391422 -0.0307047 -0.140607 108 105 82 255 
-0.389087 -0.0305115 -0.138846 109 105 81 255 
-0.38677 -0.0303201 -0.137098 103 113 86 255 
-0.384708 -0.02967 -0.136211 92 111 90 255 
-0.382887 -0.0285597 -0.136175 94 103 89 255 
-0.381298 -0.0269836 -0.136989 89 91 70 255 
-0.379701 -0.0254017 -0.137806 127 120 114 255 
-0.378552 -0.0228585 -0.140351 208 201 178 255 
-0.390563 -0.0320534 -0.142065 126 119 93 255 
-0.388231 -0.0318551 -0.140298 119 108 82 255 
-0.3864 -0.0307391 -0.140261 105 109 80 255 
-0.384093 -0.0305461 -0.138508 99 108 85 255 
-0.382502 -0.0289715 -0.139328 92 103 85 255 
-0.380674 -0.0278566 -0.139292 87 93 73 255 
-0.378374 -0.0227711 -0.144429 196 187 177 255 
-0.387865 -0.0322826 -0.143486 142 128 97 255 
-0.385785 -0.0316232 -0.14258 120 116 90 255 
-0.383712 -0.0309664 -0.141677 115 107 83 255 
-0.38188 -0.0298501 -0.141641 95 99 79 255 
-0.380279 -0.0282674 -0.142471 84 94 85 255 
-0.381489 -0.0302697 -0.144835 119 112 92 255 
-0.380111 -0.0282123 -0.146554 103 107 102 255 
