-0.397294 0.037056 -0.0179152 144 164 123 255 
-0.395197 0.035029 -0.0156313 136 163 128 255 
-0.39904 0.036497 -0.0204014 151 167 120 255 
-0.396924 0.0344675 -0.0180916 93 103 69 255 
-0.394881 0.0330471 -0.0163712 84 93 61 255 
-0.39286 0.0316429 -0.014669 109 93 77 255 
-0.39075 0.0285496 -0.0113562 118 139 113 255 
-0.388715 0.026075 -0.0086419 158 161 129 255 
-0.398662 0.0339017 -0.0205697 106 109 80 255 
-0.396604 0.0324793 -0.01883 74 96 61 255 
-0.394522 0.0304962 -0.0165519 78 97 59 255 
-0.392551 0.0296803 -0.0154058 76 96 63 255 
-0.390483 0.0271742 -0.0126324 77 96 63 255 
-0.388418 0.0241597 -0.00937528 96 94 70 255 
-0.386453 0.0222919 -0.00722868 112 122 93 255 
-0.38454 0.0209873 -0.00562873 138 155 127 255 
-0.400249 0.0315721 -0.0213451 117 97 101 255 
-0.398338 0.0319071 -0.0213064 78 97 68 255 
-0.396285 0.0304979 -0.019566 114 103 59 255 
-0.394296 0.029678 -0.0184031 148 145 65 255 
-0.392322 0.0288637 -0.0172486 183 131 67 255 
-0.390216 0.0257989 -0.0139089 112 95 63 255 
-0.388186 0.0233489 -0.0111726 76 102 68 255 
-0.38619 0.0209401 -0.00848337 78 103 68 255 
-0.384253 0.0191066 -0.00635759 92 101 69 255 
-0.382385 0.0183585 -0.00528714 115 110 87 255 
-0.380566 0.0186778 -0.00525032 131 153 125 255 
-0.40183 0.0292507 -0.0221178 127 101 101 255 
-0.399923 0.029585 -0.0220793 80 90 57 255 
-0.398015 0.0299195 -0.0220407 88 104 56 255 
-0.396014 0.0290989 -0.0208651 159 155 70 255 
-0.393983 0.027712 -0.0191363 127 118 63 255 
-0.392013 0.0269059 -0.0179812 163 142 68 255 
-0.389949 0.0244236 -0.0151856 115 108 73 255 
-0.387953 0.0225342 -0.0129764 91 114 73 255 
-0.385984 0.0206711 -0.0107978 88 113 74 255 
-0.383992 0.0177638 -0.00760402 89 113 74 255 
-0.382104 0.0164921 -0.0060132 87 114 76 255 
-0.380288 0.0168101 -0.00597652 93 112 77 255 
-0.378457 0.0166004 -0.00542549 119 115 93 255 
-0.376655 0.017447 -0.00590314 137 161 129 255 
-0.403406 0.0269375 -0.0228877 132 114 110 255 
-0.401445 0.0266987 -0.0222793 83 90 56 255 
-0.399545 0.0270317 -0.022241 74 100 56 255 
-0.397594 0.026794 -0.0216348 148 114 57 255 
-0.39565 0.026556 -0.0210308 132 129 71 255 
-0.393671 0.0257527 -0.0198671 111 137 81 255 
-0.391705 0.024955 -0.0187116 134 121 72 255 
-0.389682 0.0230483 -0.0164625 172 132 80 255 
-0.387688 0.0211687 -0.0142446 131 126 77 255 
-0.38572 0.0193146 -0.0120572 108 132 81 255 
-0.383755 0.0169528 -0.00937443 105 132 82 255 
-0.381865 0.0156826 -0.00777194 100 127 81 255 
-0.380028 0.0154741 -0.00721701 96 123 83 255 
-0.378183 0.0147419 -0.00614926 99 121 85 255 
-0.376372 0.0150598 -0.00611279 115 128 94 255 
-0.374602 0.0180218 -0.00866677 143 145 109 255 
-0.372792 0.0199514 -0.0102054 168 178 141 255 
-0.404976 0.0246325 -0.023655 138 129 117 255 
-0.402957 0.0238326 -0.022478 84 92 55 255 
-0.401063 0.0241644 -0.02244 72 97 57 255 
-0.399169 0.0244972 -0.0224019 139 102 54 255 
-0.397226 0.0242642 -0.0217977 185 159 70 255 
-0.395289 0.0240309 -0.0211955 167 142 80 255 
-0.393318 0.0232393 -0.0200354 124 122 76 255 
-0.391398 0.02301 -0.0194396 165 135 75 255 
-0.389415 0.0216728 -0.0177396 150 145 77 255 
-0.387422 0.0198022 -0.0155129 170 131 78 255 
-0.385483 0.0184973 -0.0138538 146 153 88 255 
-0.383517 0.016138 -0.0111511 125 153 88 255 
-0.381604 0.0143436 -0.00901468 119 144 91 255 
-0.379768 0.0141372 -0.00845772 115 141 93 255 
-0.377923 0.01341 -0.00738587 110 138 96 255 
-0.376101 0.0132067 -0.00683446 130 149 105 255 
-0.374301 0.0140449 -0.00731308 144 158 121 255 
-0.372499 0.0154117 -0.00831165 158 170 133 255 
-0.370687 0.0173182 -0.00984067 181 178 142 255 
-0.36885 0.0208681 -0.0129832 193 184 146 255 
-0.406475 0.021774 -0.0238488 145 147 118 255 
-0.40452 0.0215453 -0.0232421 89 97 59 255 
-0.402571 0.0213174 -0.0226375 74 94 57 255 
-0.400684 0.0216488 -0.0225997 113 104 56 255 
-0.398796 0.0219795 -0.0225619 194 127 67 255 
-0.39686 0.0217512 -0.0219595 206 146 74 255 
-0.394931 0.0215237 -0.0213593 147 124 74 255 
-0.393008 0.0212979 -0.0207613 165 124 74 255 
-0.391092 0.021072 -0.0201653 169 169 77 255 
-0.389114 0.0197472 -0.0184645 142 170 83 255 
-0.387187 0.0189797 -0.0173282 150 142 80 255 
-0.385219 0.0171378 -0.0151159 177 137 73 255 
-0.383278 0.0153203 -0.0129341 164 147 77 255 
-0.381383 0.014054 -0.0113081 139 156 99 255 
-0.379524 0.0133235 -0.0102212 131 155 103 255 
-0.37769 0.0131193 -0.00966224 136 156 109 255 
-0.375852 0.012395 -0.00858639 155 164 123 255 
-0.374034 0.0121941 -0.00803303 173 179 137 255 
-0.37223 0.01303 -0.00851377 184 188 143 255 
-0.370419 0.0138691 -0.00899608 180 184 149 255 
-0.368602 0.0147115 -0.00948005 175 178 140 255 
-0.366759 0.0176806 -0.0120718 169 180 139 255 
-0.407964 0.0189357 -0.0240413 158 169 128 255 
-0.406013 0.0187124 -0.0234364 93 90 70 255 
-0.404129 0.0190432 -0.0233988 70 93 58 255 
-0.402188 0.0188199 -0.0227961 95 112 56 255 
-0.400307 0.0191493 -0.0227585 173 147 65 255 
-0.398375 0.0189273 -0.0221581 211 146 67 255 
-0.396497 0.019256 -0.0221205 160 130 66 255 
-0.394575 0.0190342 -0.0215223 131 143 75 255 
-0.39266 0.0188132 -0.0209261 190 149 68 255 
-0.39075 0.0185921 -0.020332 181 143 63 255 
-0.388814 0.0178273 -0.0191871 156 170 74 255 
-0.386891 0.0170683 -0.0180503 183 165 84 255 
-0.384981 0.0163147 -0.0169214 194 153 86 255 
-0.383038 0.0144997 -0.0147234 162 160 83 255 
-0.381141 0.0132359 -0.0130856 156 161 103 255 
-0.379296 0.01303 -0.012519 146 177 118 255 
-0.377443 0.0123033 -0.011428 174 179 132 255 
-0.375603 0.0115803 -0.0103445 201 198 141 255 
-0.373774 0.0108631 -0.00926817 196 193 145 255 
-0.37197 0.0116971 -0.00975108 190 195 154 255 
-0.370158 0.0120153 -0.00971485 181 190 157 255 
-0.368343 0.0128521 -0.0101993 161 179 143 255 
-0.366506 0.0152704 -0.0122632 145 162 133 255 
-0.364617 0.0193403 -0.0159715 136 149 129 255 
-0.409512 0.0166654 -0.0247999 171 181 135 255 
-0.407495 0.0158998 -0.0236295 99 91 82 255 
-0.405618 0.0162282 -0.023592 70 93 62 255 
-0.403741 0.0165568 -0.0235546 75 97 59 255 
-0.401807 0.0163394 -0.0229539 133 134 60 255 
-0.39988 0.0161226 -0.0223553 195 153 70 255 
-0.397959 0.0159068 -0.0217588 156 137 64 255 
-0.39609 0.0162337 -0.0217215 117 141 77 255 
-0.394179 0.0160181 -0.0211272 158 158 70 255 
-0.392274 0.0158033 -0.0205348 163 169 73 255 
-0.390375 0.0155893 -0.0199446 163 148 70 255 
-0.388483 0.0153761 -0.0193564 152 148 72 255 
-0.386597 0.0151638 -0.0187702 161 150 71 255 
-0.384691 0.0144175 -0.0176408 159 157 78 255 
-0.382775 0.0131471 -0.0159796 136 161 99 255 
-0.380898 0.0124137 -0.0148694 172 149 125 255 
-0.37905 0.0122095 -0.0142989 208 208 136 255 
-0.377195 0.0114843 -0.0132001 247 195 157 255 
-0.375352 0.0107628 -0.0121087 225 231 163 255 
-0.373515 0.0095322 -0.0105035 227 205 156 255 
-0.371709 0.0103643 -0.0109886 204 201 159 255 
-0.369897 0.0106815 -0.0109524 179 188 154 255 
-0.368085 0.0109997 -0.0109163 151 172 136 255 
-0.366249 0.0134003 -0.0129817 124 146 113 255 
-0.364378 0.0163683 -0.0156126 102 121 105 255 
-0.3625 0.0183036 -0.0171982 136 140 110 255 
-0.409036 0.0136461 -0.024385 120 91 93 255 
-0.407032 0.0128953 -0.0232222 75 88 56 255 
-0.405165 0.0132221 -0.0231851 70 95 57 255 
-0.403297 0.0135498 -0.0231479 113 161 77 255 
-0.401374 0.0133385 -0.0225512 134 148 77 255 
-0.399457 0.0131278 -0.0219565 142 164 81 255 
-0.397547 0.0129182 -0.0213639 117 127 74 255 
-0.395643 0.0127091 -0.0207733 155 133 71 255 
-0.393745 0.012501 -0.0201848 194 150 71 255 
-0.391854 0.0122938 -0.0195984 180 144 69 255 
-0.390004 0.0126171 -0.0195616 151 151 72 255 
-0.388121 0.0124103 -0.0189771 153 146 67 255 
-0.386274 0.0127341 -0.0189404 149 146 71 255 
-0.384401 0.0125265 -0.018358 140 164 92 255 
-0.382512 0.0117934 -0.0172359 167 148 129 255 
-0.380636 0.011065 -0.0161215 216 224 178 255 
-0.378788 0.0108628 -0.015549 216 188 177 255 
-0.376933 0.0101415 -0.014446 245 215 184 255 
-0.375091 0.009426 -0.0133505 242 232 202 255 
-0.373249 0.00769143 -0.0112175 218 233 182 255 
-0.371446 0.00851904 -0.0117031 200 206 156 255 
-0.369637 0.00883557 -0.0116671 160 173 137 255 
-0.367828 0.00915216 -0.0116311 128 153 113 255 
-0.365993 0.0115372 -0.013698 102 125 92 255 
-0.364123 0.0144839 -0.0163306 93 122 90 255 
-0.362246 0.0164056 -0.0179172 133 134 110 255 
-0.410644 0.0119376 -0.0257039 126 101 108 255 
-0.408566 0.0106593 -0.0239746 80 96 63 255 
-0.406573 0.00992264 -0.0228195 69 92 56 255 
-0.404716 0.0102475 -0.0227826 145 102 63 255 
-0.4028 0.0100428 -0.0221897 190 125 65 255 
-0.400891 0.00983901 -0.0215988 132 135 70 255 
-0.398988 0.00963603 -0.0210101 96 119 71 255 
-0.397044 0.00891024 -0.019875 148 127 79 255 
-0.395201 0.00923243 -0.0198385 178 139 72 255 
-0.393317 0.00903182 -0.0192557 156 162 70 255 
-0.391477 0.00935334 -0.0192192 180 156 71 255 
-0.389602 0.00915314 -0.0186385 158 140 72 255 
-0.387764 0.00947522 -0.018602 149 152 70 255 
-0.385954 0.0103205 -0.0191096 145 161 85 255 
-0.384112 0.0106422 -0.019073 138 152 114 255 
-0.382249 0.0104397 -0.0184925 208 226 171 255 
-0.380392 0.0102382 -0.017914 218 173 182 255 
-0.378541 0.0100375 -0.0173376 220 192 192 255 
-0.376684 0.00931767 -0.0162266 254 239 171 255 
-0.37483 0.00808807 -0.0145925 255 218 189 255 
-0.372996 0.00687042 -0.0129749 199 223 208 255 
-0.371186 0.00718705 -0.012939 163 187 141 255 
-0.369377 0.00750379 -0.0129031 133 155 118 255 
-0.367571 0.00731067 -0.0123437 105 133 101 255 
-0.36573 0.0101966 -0.0149425 95 119 90 255 
-0.363868 0.0126043 -0.0170464 100 122 96 255 
-0.412029 0.00863254 -0.0253237 138 124 112 255 
-0.410024 0.0079032 -0.024164 83 89 59 255 
-0.408034 0.0071784 -0.0230123 64 91 56 255 
-0.406119 0.00697955 -0.0224212 68 94 59 255 
-0.404211 0.00678161 -0.021832 187 111 70 255 
-0.40231 0.00658447 -0.0212449 206 127 67 255 
-0.400467 0.00690731 -0.0212085 119 113 73 255 
-0.398525 0.00619254 -0.0200768 87 118 70 255 
-0.396642 0.00599694 -0.0194957 112 131 75 255 
-0.394766 0.00580315 -0.0189167 167 134 78 255 
-0.392935 0.00612301 -0.0188804 143 158 79 255 
-0.391067 0.0059294 -0.0183033 140 169 77 255 
-0.389239 0.00624865 -0.0182671 162 168 83 255 
-0.38741 0.00656897 -0.0182309 147 160 84 255 
-0.385609 0.00740553 -0.0187354 118 158 99 255 
-0.3838 0.0082441 -0.0192415 194 209 151 255 
-0.381986 0.009086 -0.0197494 223 207 171 255 
-0.380147 0.00940739 -0.019713 218 168 130 255 
-0.378293 0.00920732 -0.0191324 233 188 181 255 
-0.376433 0.00848888 -0.0180136 254 181 178 255 
-0.374594 0.00829203 -0.017439 242 242 207 255 
-0.372751 0.00706773 -0.0157987 189 193 154 255 
-0.370931 0.00687443 -0.0152317 140 159 118 255 
-0.369115 0.0071923 -0.0151958 108 134 102 255 
-0.367299 0.00750925 -0.0151598 92 119 91 255 
-0.365454 0.00989118 -0.017258 93 117 95 255 
-0.363583 0.0123055 -0.0193851 114 124 103 255 
-0.413399 0.00536281 -0.0249475 149 152 119 255 
-0.411473 0.00516628 -0.0243521 90 92 63 255 
-0.409484 0.00445332 -0.0232038 64 91 58 255 
-0.407574 0.00425977 -0.0226145 64 91 59 255 
-0.40567 0.00406712 -0.0220272 65 92 59 255 
-0.403772 0.00387536 -0.0214418 106 90 55 255 
-0.401937 0.00419706 -0.0214056 113 88 57 255 
-0.400048 0.00400455 -0.0208223 86 100 62 255 
-0.398166 0.00381388 -0.0202411 81 113 70 255 
-0.39629 0.00362301 -0.0196618 92 122 71 255 
-0.39442 0.003434 -0.0190845 121 140 72 255 
-0.392595 0.00375253 -0.0190484 122 145 81 255 
-0.390734 0.00356297 -0.0184732 125 151 84 255 
-0.388912 0.00388204 -0.0184372 139 154 77 255 
-0.387089 0.00420117 -0.0184012 139 154 89 255 
-0.385293 0.0050295 -0.0189042 171 157 122 255 
-0.383491 0.005862 -0.019409 197 216 179 255 
-0.381681 0.00669682 -0.0199156 235 126 117 255 
-0.379866 0.00753483 -0.0204238 243 179 126 255 
-0.378015 0.00733809 -0.0198432 239 194 171 255 
-0.376171 0.00714226 -0.0192645 252 245 205 255 
-0.374332 0.00694731 -0.0186878 200 204 187 255 
-0.3725 0.00675228 -0.0181131 152 168 130 255 
-0.370676 0.00758663 -0.0186156 118 140 112 255 
-0.368848 0.00790596 -0.0185795 93 118 90 255 
-0.36702 0.00822622 -0.0185434 88 121 91 255 
-0.365191 0.00854555 -0.0185073 102 122 94 255 
-0.363285 0.0125335 -0.0222916 126 135 109 255 
-0.414833 0.00263885 -0.0251326 159 169 125 255 
-0.412911 0.00244862 -0.0245389 95 91 69 255 
-0.410996 0.00225829 -0.0239474 68 88 55 255 
-0.409086 0.00206868 -0.0233579 64 90 57 255 
-0.407183 0.00187989 -0.0227704 64 92 59 255 
-0.405286 0.00169197 -0.0221849 66 94 74 255 
-0.403396 0.00150499 -0.0216014 56 96 91 255 
-0.401566 0.0018245 -0.0215654 63 95 67 255 
-0.399684 0.00163774 -0.0209839 68 101 64 255 
-0.397809 0.00145079 -0.0204044 74 107 69 255 
-0.395895 0.000762179 -0.0192872 85 114 75 255 
-0.394076 0.00107962 -0.0192514 95 125 79 255 
-0.392258 0.00139812 -0.0192156 107 138 85 255 
-0.390404 0.00121325 -0.018642 117 144 91 255 
-0.388587 0.00153019 -0.0186063 123 153 93 255 
-0.386771 0.00184822 -0.0185705 139 152 95 255 
-0.38498 0.00267044 -0.0190722 204 176 129 255 
-0.383183 0.00349572 -0.0195757 202 169 169 255 
-0.381399 0.0048347 -0.0206238 233 130 133 255 
-0.379569 0.00515433 -0.0205877 228 208 175 255 
-0.377752 0.0059884 -0.0210963 247 252 227 255 
-0.375908 0.00579457 -0.0205156 202 231 198 255 
-0.374085 0.00662909 -0.0210241 154 169 129 255 
-0.37225 0.00695045 -0.020988 131 146 113 255 
-0.370416 0.00727084 -0.0209518 107 130 102 255 
-0.368579 0.00810985 -0.0214619 106 121 91 255 
-0.366731 0.00947437 -0.0225237 104 119 91 255 
-0.364886 0.00979677 -0.0224873 125 124 98 255 
-0.36296 0.0138344 -0.0263531 143 141 117 255 
-0.414263 -0.000756562 -0.0241709 102 91 83 255 
-0.412428 -0.000435993 -0.0241348 68 88 57 255 
-0.410593 -0.000115365 -0.0240988 66 91 57 255 
-0.408624 -0.000803664 -0.0229614 62 94 58 255 
-0.406795 -0.000484169 -0.0229255 63 94 67 255 
-0.404905 -0.000667349 -0.0223418 138 153 104 255 
-0.403021 -0.000850648 -0.0217601 156 164 140 255 
-0.401198 -0.000531211 -0.0217242 172 159 100 255 
-0.399323 -0.000714257 -0.0211446 93 94 84 255 
-0.397454 -0.00089623 -0.0205669 69 100 62 255 
-0.395548 -0.0015741 -0.019453 77 106 69 255 
-0.393735 -0.00125784 -0.0194174 85 115 76 255 
-0.391923 -0.000940591 -0.0193818 94 123 83 255 
-0.390075 -0.00112154 -0.01881 102 134 85 255 
-0.388265 -0.000804782 -0.0187745 110 142 90 255 
-0.386454 -0.000488862 -0.0187389 153 161 95 255 
-0.384669 0.000327215 -0.0192393 156 194 127 255 
-0.382877 0.00114541 -0.0197414 202 208 182 255 
-0.381098 0.00247131 -0.0207866 253 212 163 255 
-0.37929 0.00329758 -0.0212939 255 197 176 255 
-0.377463 0.00361674 -0.021258 214 244 200 255 
-0.375635 0.00393669 -0.021222 154 169 134 255 
-0.373814 0.00476666 -0.021731 126 152 120 255 
-0.371987 0.00559992 -0.0222416 112 139 112 255 
-0.370153 0.00643538 -0.022754 106 115 102 255 
-0.36831 0.0077938 -0.0238203 104 116 99 255 
-0.366448 0.00968716 -0.0254518 172 114 94 255 
-0.364576 0.0110684 -0.0265367 181 151 113 255 
-0.362629 0.0151578 -0.0304864 172 148 122 255 
-0.415759 -0.00293222 -0.0249089 116 96 100 255 
-0.413851 -0.00311206 -0.024321 71 88 57 255 
-0.412023 -0.0027917 -0.0242852 63 90 56 255 
-0.410194 -0.00247231 -0.0242494 63 89 58 255 
-0.408232 -0.00315088 -0.0231154 63 94 63 255 
-0.406409 -0.00283258 -0.0230797 96 97 80 255 
-0.404526 -0.00301091 -0.0224978 169 128 97 255 
-0.40265 -0.00318944 -0.0219179 165 155 125 255 
-0.400832 -0.00287217 -0.0218823 166 175 130 255 
-0.398964 -0.00304936 -0.0213044 88 107 118 255 
-0.397102 -0.00322752 -0.0207285 68 96 61 255 
-0.395203 -0.00389561 -0.0196179 71 100 63 255 
-0.393397 -0.00358045 -0.0195825 77 105 68 255 
-0.391553 -0.00375509 -0.0190124 82 112 73 255 
-0.389749 -0.00344047 -0.0189771 89 119 78 255 
-0.387975 -0.00263286 -0.0194763 96 126 86 255 
-0.38614 -0.00281005 -0.0189063 120 138 92 255 
-0.38436 -0.00200114 -0.0194054 132 180 104 255 
-0.382573 -0.00119002 -0.0199062 208 177 130 255 
-0.380799 0.00012368 -0.0209485 187 209 172 255 
-0.378997 0.000942856 -0.0214544 184 200 185 255 
-0.377188 0.00176537 -0.0219621 172 169 130 255 
-0.375373 0.00259018 -0.0224715 141 150 116 255 
-0.373552 0.00341809 -0.0229826 121 141 103 255 
-0.371727 0.0047618 -0.0240461 100 126 93 255 
-0.369889 0.00559795 -0.0245626 103 121 94 255 
-0.368036 0.00799875 -0.0267553 135 111 89 255 
-0.366151 0.0109655 -0.0295483 192 169 108 255 
-0.364271 0.0118271 -0.0300834 210 140 113 255 
-0.362292 0.0165046 -0.0346931 201 159 123 255 
-0.417249 -0.00509992 -0.0256446 128 109 107 255 
-0.415343 -0.0052758 -0.0250565 77 90 54 255 
-0.413442 -0.00545077 -0.0244703 63 92 56 255 
-0.41162 -0.0051327 -0.0244347 63 91 56 255 
-0.409797 -0.00481439 -0.0243991 65 92 59 255 
-0.407844 -0.00548221 -0.0232686 97 92 80 255 
-0.406026 -0.00516511 -0.0232331 131 122 120 255 
-0.40415 -0.00533867 -0.022653 165 188 147 255 
-0.40228 -0.00551237 -0.0220749 154 149 125 255 
-0.400468 -0.00519624 -0.0220395 115 131 123 255 
-0.398559 -0.00585815 -0.0209246 113 125 89 255 
-0.396752 -0.00554307 -0.0208893 76 92 60 255 
-0.394861 -0.00620128 -0.019782 65 96 60 255 
-0.39306 -0.00588721 -0.0197468 70 100 62 255 
-0.391223 -0.00605805 -0.0191784 76 106 66 255 
-0.389425 -0.00574355 -0.0191433 83 110 73 255 
-0.387626 -0.00543001 -0.0191081 88 119 82 255 
-0.385827 -0.00511521 -0.0190729 106 129 89 255 
-0.384077 -0.00382435 -0.0201054 122 142 101 255 
-0.382293 -0.00301673 -0.0206067 152 163 116 255 
-0.380539 -0.00121519 -0.0221915 158 187 125 255 
-0.378736 -0.000397891 -0.0226997 144 175 130 255 
-0.376927 0.000421658 -0.0232095 131 155 119 255 
-0.375111 0.00124449 -0.0237211 122 137 105 255 
-0.373289 0.00206946 -0.0242345 104 128 95 255 
-0.371466 0.00392084 -0.0258571 101 132 86 255 
-0.369624 0.00527188 -0.0269361 118 104 88 255 
-0.367763 0.00767924 -0.0291529 198 126 93 255 
-0.365855 0.0117264 -0.0331351 172 126 105 255 
-0.36394 0.0136799 -0.0348507 204 154 116 255 
-0.418651 -0.00775051 -0.0258249 137 138 118 255 
-0.416749 -0.00792108 -0.0252386 82 89 57 255 
-0.414929 -0.0076036 -0.0252032 65 91 56 255 
-0.413036 -0.00777483 -0.0246189 65 92 55 255 
-0.41122 -0.00745681 -0.0245835 65 92 59 255 
-0.409335 -0.00762777 -0.0240012 81 95 69 255 
-0.407457 -0.00779781 -0.023421 95 135 100 255 
-0.405646 -0.00748183 -0.0233856 135 165 134 255 
-0.403777 -0.00765163 -0.0228074 153 136 143 255 
-0.401914 -0.00782064 -0.0222311 112 136 121 255 
-0.400056 -0.00798945 -0.0216567 142 157 108 255 
-0.398205 -0.00815763 -0.0210843 92 124 122 255 
-0.39636 -0.00832474 -0.0205138 69 94 59 255 
-0.39452 -0.00849214 -0.0199451 64 96 60 255 
-0.392687 -0.00865853 -0.0193784 66 98 62 255 
-0.390895 -0.00834511 -0.0193435 71 101 66 255 
-0.38907 -0.00851113 -0.0187787 74 106 73 255 
-0.38728 -0.00819923 -0.0187438 82 112 79 255 
-0.385491 -0.00788626 -0.0187089 97 122 82 255 
-0.383724 -0.00709316 -0.0192037 109 137 96 255 
-0.381951 -0.00629689 -0.0197001 132 143 114 255 
-0.380207 -0.00452369 -0.0212697 129 142 112 255 
-0.378416 -0.00371777 -0.021773 120 143 110 255 
-0.376641 -0.00191942 -0.0233638 107 129 97 255 
-0.37484 -0.000603542 -0.0244216 97 123 92 255 
-0.373031 0.00122669 -0.0260397 102 113 87 255 
-0.371204 0.0030759 -0.0276745 104 98 83 255 
-0.369357 0.00494406 -0.0293263 124 116 92 255 
-0.36748 0.00841334 -0.0327183 182 152 114 255 
-0.36554 0.0135885 -0.0379604 187 163 129 255 
-0.419873 -0.0113461 -0.0249074 153 163 126 255 
-0.418063 -0.0110305 -0.0248722 96 89 67 255 
-0.416253 -0.0107147 -0.0248371 67 89 57 255 
-0.414443 -0.0103989 -0.0248019 63 91 58 255 
-0.412633 -0.0100822 -0.0247666 65 91 59 255 
-0.410752 -0.0102477 -0.0241862 68 97 63 255 
-0.408878 -0.0104135 -0.0236076 91 134 85 255 
-0.407073 -0.0100986 -0.0235725 138 183 119 255 
-0.405208 -0.0102631 -0.022996 146 151 104 255 
-0.403349 -0.0104276 -0.0224214 119 162 114 255 
-0.401549 -0.0101138 -0.0223864 136 126 100 255 
-0.399698 -0.010278 -0.0218138 110 155 125 255 
-0.397854 -0.0104412 -0.0212431 79 98 64 255 
-0.396015 -0.0106046 -0.0206743 66 94 65 255 
-0.394142 -0.0112408 -0.0195771 69 97 63 255 
-0.392356 -0.0109296 -0.0195424 67 101 66 255 
-0.390535 -0.0110902 -0.0189793 72 101 67 255 
-0.388751 -0.0107795 -0.0189446 85 106 71 255 
-0.386967 -0.0104678 -0.0189099 85 114 79 255 
-0.385157 -0.0106294 -0.0183488 98 120 87 255 
-0.383444 -0.00889274 -0.0198986 112 128 96 255 
-0.381654 -0.00858063 -0.0198638 114 136 101 255 
-0.379897 -0.00730683 -0.0208939 106 126 104 255 
-0.378156 -0.00505079 -0.0230102 96 122 94 255 
-0.376392 -0.00276364 -0.0251554 92 117 83 255 
-0.374586 -0.00144805 -0.0262211 103 106 84 255 
-0.372773 0.000380173 -0.0278513 103 95 91 255 
-0.370943 0.00274095 -0.0300632 119 107 86 255 
-0.369088 0.0051339 -0.0323059 179 130 107 255 
-0.367184 0.01023 -0.0375138 221 194 155 255 
-0.365209 0.016048 -0.0435022 191 187 173 255 
-0.419281 -0.0145804 -0.0239675 95 114 104 255 
-0.417483 -0.0142661 -0.0239326 71 103 67 255 
-0.415685 -0.0139526 -0.0238977 63 92 58 255 
-0.413887 -0.0136392 -0.0238629 64 92 60 255 
-0.412089 -0.0133256 -0.023828 65 97 63 255 
-0.41029 -0.013011 -0.0237931 87 127 84 255 
-0.408426 -0.0131706 -0.0232182 162 137 116 255 
-0.406568 -0.0133303 -0.0226453 138 182 141 255 
-0.404774 -0.0130176 -0.0226105 124 152 96 255 
-0.402981 -0.012704 -0.0225757 117 106 105 255 
-0.401187 -0.0123912 -0.0225409 111 141 126 255 
-0.399343 -0.0125516 -0.0219701 84 112 74 255 
-0.397505 -0.0127111 -0.0214011 107 104 81 255 
-0.39563 -0.0133388 -0.0203034 117 126 86 255 
-0.393807 -0.013496 -0.0197401 79 100 84 255 
-0.391989 -0.0136532 -0.0191785 70 101 77 255 
-0.390212 -0.0133426 -0.0191441 78 105 71 255 
-0.388403 -0.0134994 -0.0185845 91 106 75 255 
-0.386628 -0.0131893 -0.0185501 95 117 82 255 
-0.384852 -0.0128802 -0.0185157 100 128 90 255 
-0.383099 -0.0121018 -0.0190061 103 132 100 255 
-0.381358 -0.0108485 -0.0200266 106 129 99 255 
-0.379623 -0.00911047 -0.0215876 95 120 88 255 
-0.377897 -0.00638375 -0.0242477 90 116 85 255 
-0.376141 -0.00361072 -0.0269532 85 117 84 255 
-0.374332 -0.00229637 -0.028027 97 123 97 255 
-0.372519 3.77893e-05 -0.0302326 104 99 85 255 
-0.370682 0.00291884 -0.0330416 139 129 100 255 
-0.368815 0.00532643 -0.035317 208 180 134 255 
-0.366891 0.0109943 -0.0412025 240 202 159 255 
-0.420652 -0.0171551 -0.0241507 115 111 101 255 
-0.418861 -0.0168419 -0.024116 71 93 57 255 
-0.417069 -0.0165296 -0.0240813 62 95 60 255 
-0.415201 -0.0166833 -0.0235081 63 92 60 255 
-0.413411 -0.0163714 -0.0234735 61 94 62 255 
-0.411622 -0.0160586 -0.0234388 96 98 86 255 
-0.409765 -0.0162133 -0.0228675 149 124 122 255 
-0.407978 -0.015901 -0.022833 156 159 140 255 
-0.406191 -0.0155896 -0.0227984 141 151 124 255 
-0.404403 -0.0152781 -0.0227638 117 117 121 255 
-0.402615 -0.0149655 -0.0227292 163 159 116 255 
-0.400827 -0.0146539 -0.0226946 97 96 95 255 
-0.398941 -0.0152756 -0.0215928 109 117 90 255 
-0.397113 -0.0154298 -0.0210273 107 103 113 255 
-0.39529 -0.0155839 -0.0204638 111 136 105 255 
-0.393434 -0.016198 -0.0193766 105 136 119 255 
-0.391663 -0.0158896 -0.0193423 120 106 102 255 
-0.389858 -0.0160411 -0.0187843 94 115 80 255 
-0.388088 -0.0157331 -0.0187501 92 117 89 255 
-0.386319 -0.015424 -0.0187159 96 124 87 255 
-0.384549 -0.0151149 -0.0186816 105 124 92 255 
-0.382779 -0.0148068 -0.0186474 106 126 89 255 
-0.381084 -0.0126337 -0.0207173 99 121 85 255 
-0.379366 -0.0104317 -0.0228149 87 115 85 255 
-0.377664 -0.00674465 -0.0265804 80 114 83 255 
-0.37589 -0.00446178 -0.0287574 92 118 83 255 
-0.374084 -0.00264807 -0.0304008 102 109 90 255 
-0.372267 0.000200778 -0.0332017 152 105 89 255 
-0.370417 0.00258049 -0.0354703 215 157 117 255 
-0.368537 0.00604835 -0.0389514 204 174 162 255 
-0.366589 0.0123195 -0.0455592 225 200 167 255 
-0.42219 -0.0187903 -0.0254128 134 130 114 255 
-0.420229 -0.0194007 -0.0242983 82 90 64 255 
-0.418444 -0.0190896 -0.0242638 62 90 60 255 
-0.416658 -0.0187784 -0.0242294 64 93 60 255 
-0.414796 -0.0189272 -0.0236578 63 91 61 255 
-0.413085 -0.0181549 -0.0241604 90 94 78 255 
-0.411229 -0.0183058 -0.023589 121 123 120 255 
-0.409379 -0.0184557 -0.0230194 165 181 142 255 
-0.407598 -0.0181444 -0.0229851 168 146 113 255 
-0.405816 -0.0178341 -0.0229507 120 148 116 255 
-0.404034 -0.0175228 -0.0229163 151 153 98 255 
-0.402198 -0.0176744 -0.0223488 110 107 109 255 
-0.400368 -0.0178239 -0.0217831 74 96 76 255 
-0.398496 -0.018431 -0.0206917 95 138 111 255 
-0.39668 -0.0185795 -0.0201315 87 133 94 255 
-0.39487 -0.0187269 -0.0195733 92 130 93 255 
-0.393066 -0.0188733 -0.0190169 95 130 87 255 
-0.391267 -0.0190199 -0.0184623 108 124 101 255 
-0.389507 -0.0187136 -0.0184283 118 153 96 255 
-0.387746 -0.0184063 -0.0183943 102 141 116 255 
-0.386012 -0.0176438 -0.0188808 97 121 90 255 
-0.384248 -0.0173358 -0.0188468 97 122 89 255 
-0.382526 -0.0161113 -0.0198585 96 119 89 255 
-0.38081 -0.0144129 -0.0214058 89 117 87 255 
-0.379093 -0.0122275 -0.0235046 85 109 81 255 
-0.377417 -0.0075963 -0.0283749 91 109 87 255 
-0.375648 -0.00481963 -0.0311298 97 115 96 255 
-0.373841 -0.00249994 -0.0333607 135 115 99 255 
-0.372013 0.000365391 -0.0362021 212 166 123 255 
-0.370152 0.00327954 -0.0390932 241 200 167 255 
-0.368255 0.00677909 -0.0426376 234 187 157 255 
-0.366293 0.012556 -0.0487405 202 181 161 255 
-0.42185 -0.020573 -0.0260975 116 115 97 255 
-0.419977 -0.0207197 -0.0255219 81 95 71 255 
-0.41811 -0.0208666 -0.0249483 74 94 60 255 
-0.416327 -0.0205549 -0.024914 64 91 60 255 
-0.414469 -0.0207013 -0.0243424 61 93 64 255 
-0.412688 -0.0203911 -0.0243081 109 109 89 255 
-0.410839 -0.0205371 -0.0237384 112 158 123 255 
-0.40906 -0.0202274 -0.0237041 120 124 125 255 
-0.40722 -0.0203731 -0.0231363 110 115 78 255 
-0.405444 -0.0200639 -0.0231022 143 137 72 255 
-0.403668 -0.0197536 -0.023068 133 136 94 255 
-0.401838 -0.0199004 -0.0225022 80 93 61 255 
-0.400014 -0.0200462 -0.0219383 61 97 73 255 
-0.398149 -0.0206443 -0.02085 84 129 95 255 
-0.396296 -0.0212386 -0.0197688 125 126 91 255 
-0.394495 -0.0213817 -0.019214 83 120 100 255 
-0.392701 -0.021523 -0.018661 113 103 73 255 
-0.390946 -0.0212176 -0.0186272 135 121 86 255 
-0.389191 -0.0209115 -0.0185934 137 163 112 255 
-0.387436 -0.0206051 -0.0185597 108 152 128 255 
-0.385707 -0.0198487 -0.0190449 94 117 84 255 
-0.383995 -0.0186366 -0.020054 88 115 83 255 
-0.382314 -0.0164966 -0.0221265 85 115 82 255 
-0.38061 -0.0143288 -0.0242266 86 115 80 255 
-0.378976 -0.0092537 -0.0296544 95 110 88 255 
-0.377246 -0.0055021 -0.0335541 96 117 105 255 
-0.375444 -0.00317834 -0.0358097 128 132 117 255 
-0.37363 0.000204474 -0.0392702 206 181 134 255 
-0.371777 0.00365889 -0.0428041 236 185 159 255 
-0.369885 0.00718799 -0.0464137 240 201 175 255 
-0.367938 0.0130129 -0.0526296 240 194 157 255 
-0.421597 -0.0218941 -0.0273233 117 80 71 255 
-0.419724 -0.0220387 -0.0267458 77 82 63 255 
-0.417858 -0.0221825 -0.0261702 74 91 63 255 
-0.415997 -0.0223265 -0.0255966 73 97 69 255 
-0.414143 -0.0224696 -0.0250248 73 93 63 255 
-0.412365 -0.0221598 -0.0249907 79 92 65 255 
-0.410519 -0.0223024 -0.0244209 78 116 86 255 
-0.408678 -0.0224452 -0.0238529 77 112 90 255 
-0.406844 -0.0225869 -0.0232869 69 96 63 255 
-0.405074 -0.0222788 -0.0232529 91 110 74 255 
-0.403304 -0.0219706 -0.0232189 77 99 82 255 
-0.401481 -0.0221125 -0.0226548 68 98 60 255 
-0.399614 -0.0227032 -0.021566 65 95 65 255 
-0.397759 -0.0232901 -0.0204844 72 98 66 255 
-0.395959 -0.0234291 -0.0199294 98 124 77 255 
-0.394165 -0.0235675 -0.0193762 109 137 93 255 
-0.392376 -0.0237057 -0.0188248 123 134 95 255 
-0.390593 -0.0238431 -0.0182752 140 143 99 255 
-0.388847 -0.0235385 -0.0182417 144 157 112 255 
-0.3871 -0.0232337 -0.0182082 103 120 98 255 
-0.385404 -0.0220408 -0.019208 87 118 91 255 
-0.383697 -0.0208397 -0.0202145 90 115 82 255 
-0.382019 -0.0187207 -0.0222813 84 109 77 255 
-0.380318 -0.0165749 -0.0243756 87 120 82 255 
-0.378699 -0.0110762 -0.0303423 188 171 103 255 
-0.377019 -0.00536838 -0.0365358 168 145 126 255 
-0.375206 -0.00303227 -0.038824 208 188 166 255 
-0.373386 0.000889271 -0.0429329 234 178 158 255 
-0.371518 0.00437625 -0.0465312 243 186 158 255 
-0.369609 0.00793801 -0.050207 221 191 161 255 
-0.421344 -0.0232151 -0.0285494 112 79 69 255 
-0.419389 -0.0238102 -0.0274265 77 81 60 255 
-0.417526 -0.0239516 -0.0268509 76 81 58 255 
-0.415745 -0.0236415 -0.0268168 72 84 61 255 
-0.413817 -0.0242317 -0.0257052 71 84 65 255 
-0.412042 -0.0239226 -0.0256712 80 98 64 255 
-0.410133 -0.0245102 -0.0245672 73 90 61 255 
-0.408299 -0.0246491 -0.0240009 64 95 58 255 
-0.406471 -0.024787 -0.0234366 64 93 59 255 
-0.404707 -0.0244799 -0.0234028 61 97 61 255 
-0.402942 -0.0241719 -0.0233691 63 96 63 255 
-0.401125 -0.0243108 -0.0228067 64 95 59 255 
-0.399266 -0.0248917 -0.0217211 65 96 61 255 
-0.397463 -0.0250285 -0.0211641 65 98 63 255 
-0.395667 -0.0251641 -0.020609 73 103 64 255 
-0.393875 -0.0252999 -0.0200557 86 99 72 255 
-0.392126 -0.0249957 -0.0200222 99 123 97 255 
-0.390344 -0.0251311 -0.0194707 102 139 115 255 
-0.388597 -0.0248264 -0.0194373 103 117 92 255 
-0.38685 -0.0245218 -0.0194039 93 115 81 255 
-0.385128 -0.0237758 -0.0198882 85 115 85 255 
-0.383445 -0.0221355 -0.0214182 86 113 80 255 
-0.381745 -0.0204796 -0.0229633 82 116 80 255 
-0.380046 -0.0183484 -0.0250587 192 141 90 255 
-0.378424 -0.0128919 -0.0310282 232 175 131 255 
-0.376766 -0.00623424 -0.0383824 221 182 162 255 
-0.374966 -0.00288358 -0.0418701 230 188 161 255 
-0.373133 0.00105968 -0.0460387 238 178 145 255 
-0.371252 0.00456631 -0.0496896 228 183 147 255 
-0.369328 0.00869794 -0.0540555 188 174 144 255 
-0.421091 -0.0245371 -0.0297757 111 80 67 255 
-0.419136 -0.0251283 -0.0286488 78 84 60 255 
-0.417273 -0.0252667 -0.0280712 77 81 59 255 
-0.415417 -0.0254052 -0.0274955 74 82 60 255 
-0.413493 -0.025989 -0.0263836 89 81 62 255 
-0.411651 -0.0261254 -0.0258136 76 94 68 255 
-0.409815 -0.0262618 -0.0252454 85 81 70 255 
-0.407985 -0.0263971 -0.0246791 78 100 60 255 
-0.40616 -0.0265317 -0.0241146 71 93 60 255 
-0.404399 -0.0262251 -0.024081 65 96 59 255 
-0.402637 -0.0259185 -0.0240473 62 95 62 255 
-0.400823 -0.0260532 -0.0234848 65 96 60 255 
-0.398967 -0.0266286 -0.0223989 66 97 62 255 
-0.397168 -0.0267618 -0.0218418 67 100 65 255 
-0.395375 -0.0268951 -0.0212866 70 102 67 255 
-0.393626 -0.02659 -0.0212532 70 104 70 255 
-0.391877 -0.026286 -0.0212198 82 105 74 255 
-0.390128 -0.0259808 -0.0211864 84 113 76 255 
-0.388378 -0.0256764 -0.021153 86 113 81 255 
-0.386628 -0.0253712 -0.0211196 85 113 80 255 
-0.384928 -0.0241836 -0.0221308 82 112 81 255 
-0.383238 -0.0225398 -0.023677 81 112 77 255 
-0.381531 -0.0208796 -0.0252385 166 126 86 255 
-0.379841 -0.0182838 -0.0278985 235 196 127 255 
-0.378208 -0.0127986 -0.0339517 232 186 159 255 
-0.376535 -0.00610472 -0.0414104 234 184 171 255 
-0.374723 -0.00273438 -0.0449485 235 182 156 255 
-0.372883 0.00175887 -0.0497958 227 168 147 255 
-0.370983 0.00475922 -0.0528824 227 184 148 255 
-0.369046 0.00891578 -0.057313 167 136 120 255 
-0.367048 0.0143188 -0.0631891 145 143 116 255 
-0.421096 -0.0245014 -0.0326615 112 78 67 255 
-0.419131 -0.0250958 -0.0315193 81 84 60 255 
-0.41718 -0.0256856 -0.0303848 78 85 59 255 
-0.415241 -0.0262716 -0.0292578 75 82 60 255 
-0.413314 -0.0268539 -0.0281383 108 100 71 255 
-0.411469 -0.0269896 -0.0275646 102 107 83 255 
-0.409564 -0.0275658 -0.0264562 96 97 72 255 
-0.407734 -0.0276993 -0.025888 77 95 71 255 
-0.40585 -0.0282715 -0.0247906 87 77 66 255 
-0.404092 -0.0279644 -0.0247571 72 93 63 255 
-0.402332 -0.0276583 -0.0247236 68 95 62 255 
-0.400522 -0.0277906 -0.024161 64 96 63 255 
-0.398718 -0.0279227 -0.0236002 65 100 65 255 
-0.396874 -0.0284894 -0.0225175 68 101 66 255 
-0.395126 -0.0281853 -0.0224842 73 105 70 255 
-0.393377 -0.0278802 -0.0224509 75 105 72 255 
-0.391627 -0.027576 -0.0224176 76 108 73 255 
-0.389878 -0.0272717 -0.0223843 79 107 78 255 
-0.388128 -0.0269665 -0.022351 86 107 76 255 
-0.386405 -0.0262235 -0.0228411 83 116 80 255 
-0.384701 -0.0250361 -0.0238597 81 111 79 255 
-0.383007 -0.0233947 -0.0254171 112 126 81 255 
-0.381316 -0.0212832 -0.027529 226 212 109 255 
-0.379601 -0.0191432 -0.0296692 242 192 129 255 
-0.377946 -0.0141424 -0.0351991 230 191 157 255 
-0.376279 -0.00697823 -0.0432788 239 190 151 255 
-0.374478 -0.00258476 -0.0480598 247 185 145 255 
-0.372624 0.00193553 -0.0529779 235 153 136 255 
-0.370713 0.00549677 -0.0567508 185 134 131 255 
-0.368758 0.00969258 -0.0612637 145 137 107 255 
-0.366746 0.014573 -0.0665708 157 154 120 255 
-0.421101 -0.0244668 -0.0355768 110 80 69 255 
-0.419043 -0.0255178 -0.0338602 81 84 60 255 
-0.417165 -0.0256572 -0.0332692 79 84 59 255 
-0.41514 -0.0266952 -0.0315757 77 84 58 255 
-0.413207 -0.0272773 -0.0304449 110 104 71 255 
-0.411287 -0.0278567 -0.0293215 106 110 81 255 
-0.409379 -0.0284315 -0.0282056 101 110 88 255 
-0.407484 -0.0290025 -0.0270971 75 92 85 255 
-0.40566 -0.029133 -0.0265288 81 81 59 255 
-0.403842 -0.0292636 -0.0259624 71 91 63 255 
-0.402082 -0.0289575 -0.025929 89 86 60 255 
-0.400222 -0.029523 -0.0248352 73 93 65 255 
-0.398421 -0.0296517 -0.0242743 70 99 64 255 
-0.396625 -0.0297806 -0.0237153 71 101 67 255 
-0.394835 -0.0299084 -0.0231581 74 107 75 255 
-0.393089 -0.0296038 -0.0231249 73 105 74 255 
-0.391342 -0.0293001 -0.0230917 77 106 73 255 
-0.389563 -0.029429 -0.0225364 80 107 76 255 
-0.387848 -0.0286917 -0.0230254 80 110 76 255 
-0.386155 -0.0275165 -0.0240413 78 110 77 255 
-0.384449 -0.0263339 -0.025064 87 122 78 255 
-0.382798 -0.0238046 -0.0277008 206 191 92 255 
-0.38108 -0.0221434 -0.0292904 248 208 116 255 
-0.379377 -0.0195452 -0.0319979 240 187 144 255 
-0.377685 -0.0154862 -0.0364467 235 194 160 255 
-0.376033 -0.0073548 -0.0457531 208 185 145 255 
-0.374222 -0.00295034 -0.0505862 225 177 150 255 
-0.372358 0.00158124 -0.0555584 174 136 143 255 
-0.370438 0.00569597 -0.0600234 146 128 99 255 
-0.36847 0.00935747 -0.0639367 140 146 114 255 
-0.421106 -0.0244311 -0.038522 103 81 76 255 
-0.419121 -0.0250319 -0.0373485 80 86 57 255 
-0.41715 -0.0256279 -0.036183 79 84 60 255 
-0.415114 -0.026672 -0.0344664 76 84 62 255 
-0.413099 -0.0277047 -0.032767 110 105 71 255 
-0.411172 -0.028284 -0.0316323 111 115 82 255 
-0.409193 -0.0293 -0.0299611 116 109 82 255 
-0.407295 -0.0298685 -0.028845 82 92 78 255 
-0.405468 -0.0299985 -0.028273 115 105 71 255 
-0.403647 -0.0301275 -0.0277029 106 94 70 255 
-0.401779 -0.0306904 -0.0266015 84 87 70 255 
-0.399972 -0.0308181 -0.0260369 81 93 68 255 
-0.398125 -0.0313749 -0.0249464 93 97 62 255 
-0.396333 -0.0315012 -0.0243873 82 93 72 255 
-0.394546 -0.0316256 -0.0238299 86 106 70 255 
-0.392802 -0.0313225 -0.0237969 83 107 73 255 
-0.391058 -0.0310192 -0.0237639 74 107 75 255 
-0.389314 -0.0307151 -0.0237308 75 105 73 255 
-0.38757 -0.0304118 -0.0236978 76 105 72 255 
-0.385904 -0.0288103 -0.0252418 76 110 77 255 
-0.384198 -0.0276308 -0.0262685 194 143 83 255 
-0.382565 -0.0246663 -0.0294567 248 204 107 255 
-0.380861 -0.0225527 -0.0316063 251 202 121 255 
-0.379151 -0.01995 -0.0343427 238 187 160 255 
-0.377437 -0.0163573 -0.0382657 222 189 177 255 
-0.375775 -0.00823602 -0.0476395 229 158 122 255 
-0.373972 -0.00279976 -0.0537559 181 130 107 255 
-0.372094 0.00175782 -0.058801 140 126 100 255 
-0.370159 0.00589757 -0.0633321 133 138 108 255 
-0.368172 0.0107124 -0.0686604 164 156 122 255 
-0.421112 -0.0243955 -0.0414977 108 78 63 255 
-0.419116 -0.0249993 -0.0403082 81 86 59 255 
-0.417134 -0.0255994 -0.0391268 79 85 61 255 
-0.415088 -0.0266477 -0.0373866 79 83 62 255 
-0.413063 -0.0276866 -0.035664 109 100 68 255 
-0.411058 -0.028714 -0.0339587 123 108 78 255 
-0.409007 -0.0301715 -0.0317226 128 108 72 255 
-0.407106 -0.0307384 -0.0305989 87 88 70 255 
-0.405218 -0.0313016 -0.0294826 133 87 68 255 
-0.403397 -0.0314296 -0.0289106 128 135 108 255 
-0.401529 -0.0319875 -0.0278054 87 106 95 255 
-0.399723 -0.0321132 -0.0272389 88 80 61 255 
-0.397876 -0.0326661 -0.0261445 82 98 69 255 
-0.396084 -0.0327894 -0.0255835 74 86 68 255 
-0.394297 -0.0329128 -0.0250243 80 95 61 255 
-0.392516 -0.0330353 -0.0244669 81 99 69 255 
-0.390775 -0.0327325 -0.024434 76 107 75 255 
-0.389002 -0.0328546 -0.0238786 78 105 73 255 
-0.387292 -0.0321262 -0.0243682 79 110 76 255 
-0.385627 -0.0305362 -0.0259131 156 123 82 255 
-0.383923 -0.029365 -0.0269404 238 212 111 255 
-0.382352 -0.0250839 -0.0317657 254 207 107 255 
-0.380642 -0.0229658 -0.0339381 249 198 125 255 
-0.378939 -0.0198932 -0.0372689 239 189 161 255 
-0.3772 -0.016758 -0.0406681 172 187 171 255 
-0.375536 -0.00811614 -0.0507547 218 196 133 255 
-0.373733 -0.00159881 -0.058235 159 134 118 255 
-0.371834 0.00301778 -0.0633917 130 139 109 255 
-0.369878 0.00721255 -0.0680242 138 145 116 255 
-0.367871 0.011518 -0.0727781 201 177 142 255 
-0.365803 0.0165273 -0.0783716 243 201 165 255 
-0.421117 -0.0243608 -0.0445043 105 76 63 255 
-0.419111 -0.0249678 -0.0432985 77 88 60 255 
-0.417119 -0.02557 -0.0421009 79 84 59 255 
-0.415139 -0.0261688 -0.0409114 79 85 62 255 
-0.413026 -0.0276685 -0.0385906 120 108 75 255 
-0.411011 -0.028701 -0.0368621 127 105 78 255 
-0.409016 -0.0297243 -0.0351508 127 110 74 255 
-0.40704 -0.030736 -0.0334567 87 86 67 255 
-0.405083 -0.0317382 -0.0317793 101 104 74 255 
-0.403201 -0.0322983 -0.0306592 123 104 93 255 
-0.401331 -0.0328558 -0.0295465 102 114 92 255 
-0.399473 -0.0334084 -0.0284411 103 91 69 255 
-0.397627 -0.0339572 -0.0273429 89 109 87 255 
-0.395835 -0.0340786 -0.02678 93 77 58 255 
-0.394049 -0.0342001 -0.0262189 75 97 68 255 
-0.392231 -0.034743 -0.0251351 79 80 63 255 
-0.390493 -0.0344399 -0.0251023 77 97 64 255 
-0.388723 -0.0345605 -0.0245467 85 117 78 255 
-0.387043 -0.0334112 -0.0255612 103 127 88 255 
-0.385377 -0.0318271 -0.0271121 220 208 105 255 
-0.383671 -0.0306608 -0.0281433 224 181 103 255 
-0.382118 -0.0259523 -0.0335376 250 208 113 255 
-0.38042 -0.0233817 -0.0362857 250 195 130 255 
-0.378709 -0.0203034 -0.0396519 243 188 151 255 
-0.377025 -0.0147619 -0.0460339 166 142 122 255 
-0.375315 -0.00697644 -0.0551515 172 181 136 255 
-0.373476 -0.00143984 -0.0614925 188 140 143 255 
-0.371563 0.00320496 -0.0667255 150 136 118 255 
-0.369593 0.0079878 -0.0721144 160 160 125 255 
-0.367566 0.0123356 -0.0769583 210 184 166 255 
-0.365477 0.0173956 -0.0826588 245 192 167 255 
-0.421211 -0.0238576 -0.0481393 106 76 63 255 
-0.419106 -0.0249351 -0.0463199 77 85 59 255 
-0.417184 -0.0250786 -0.0456946 78 86 58 255 
-0.415113 -0.0261435 -0.0439001 77 85 63 255 
-0.413063 -0.0271959 -0.0421239 116 103 70 255 
-0.411034 -0.0282392 -0.0403658 110 105 78 255 
-0.408959 -0.0297164 -0.0380605 119 105 78 255 
-0.406973 -0.0307344 -0.0363433 85 82 70 255 
-0.405007 -0.0317418 -0.0346433 116 117 84 255 
-0.403115 -0.0323043 -0.0335082 115 102 84 255 
-0.401184 -0.0332962 -0.0318362 87 78 61 255 
-0.399272 -0.0342771 -0.0301807 107 92 68 255 
-0.397423 -0.0348244 -0.0290751 86 97 89 255 
-0.395586 -0.0353679 -0.0279767 105 101 71 255 
-0.3938 -0.0354872 -0.0274137 82 105 88 255 
-0.391983 -0.0360263 -0.0263261 103 97 74 255 
-0.390244 -0.0357232 -0.0262934 84 86 57 255 
-0.388475 -0.0358417 -0.0257359 106 105 81 255 
-0.386766 -0.0351187 -0.0262281 197 176 121 255 
-0.385101 -0.0335458 -0.0277797 202 196 110 255 
-0.383398 -0.0323861 -0.0288115 202 193 100 255 
-0.381862 -0.0272697 -0.0347609 244 209 113 255 
-0.380162 -0.0247109 -0.0375194 252 190 118 255 
-0.378448 -0.0216454 -0.0408982 207 190 142 255 
-0.376796 -0.0146774 -0.0491032 147 132 104 255 
-0.375041 -0.00838098 -0.0564556 173 144 119 255 
-0.373204 -0.00234182 -0.0634732 206 181 151 255 
-0.371289 0.00339368 -0.0700964 163 140 114 255 
-0.369303 0.00820595 -0.0755662 190 171 134 255 
-0.367261 0.0125811 -0.0804837 215 183 162 255 
-0.365164 0.0170747 -0.0855336 231 220 180 255 
-0.421306 -0.0233473 -0.0518252 106 77 64 255 
-0.419186 -0.0244353 -0.0499741 77 82 59 255 
-0.417251 -0.0245811 -0.0493382 78 82 60 255 
-0.415165 -0.0256554 -0.0475127 75 87 64 255 
-0.4131 -0.0267185 -0.0457059 116 106 73 255 
-0.411057 -0.0277703 -0.0439176 93 83 69 255 
-0.408967 -0.029261 -0.0415727 118 114 80 255 
-0.406905 -0.0307318 -0.0392593 86 81 72 255 
-0.40493 -0.0317445 -0.0375362 117 121 86 255 
-0.403029 -0.0323103 -0.0363859 99 103 85 255 
-0.401036 -0.0337392 -0.0341413 77 80 61 255 
-0.399167 -0.0342927 -0.0330136 114 94 71 255 
-0.397263 -0.0352694 -0.0313524 85 87 71 255 
-0.395379 -0.0362364 -0.0297074 114 100 71 255 
-0.393551 -0.0367744 -0.0286088 91 113 96 255 
-0.391735 -0.0373096 -0.0275173 100 120 95 255 
-0.389996 -0.0370074 -0.0274848 86 77 60 255 
-0.388227 -0.0371229 -0.0269254 86 101 83 255 
-0.386545 -0.0359825 -0.0279479 215 168 121 255 
-0.384901 -0.0339852 -0.0300458 211 182 111 255 
-0.383191 -0.032824 -0.0310886 229 180 101 255 
-0.381646 -0.0276988 -0.0370998 254 207 115 255 
-0.379939 -0.0251345 -0.0398874 255 190 112 255 
-0.37826 -0.0206637 -0.045053 176 152 114 255 
-0.376612 -0.0126214 -0.0546677 152 137 108 255 
-0.374822 -0.00671966 -0.0615871 217 164 123 255 
-0.372942 -0.00218602 -0.0667835 176 155 135 255 
-0.371012 0.003584 -0.0735052 153 149 129 255 
-0.36901 0.00842674 -0.0790574 217 195 168 255 
-0.366952 0.0128293 -0.0840496 227 198 172 255 
-0.364839 0.0173524 -0.0891772 204 221 199 255 
-0.421403 -0.0228303 -0.055563 108 79 66 255 
-0.419267 -0.0239285 -0.0536795 80 84 57 255 
-0.417318 -0.024077 -0.0530328 80 82 58 255 
-0.415217 -0.0251606 -0.0511755 76 85 64 255 
-0.413138 -0.0262339 -0.0493374 104 103 72 255 
-0.41108 -0.0272961 -0.0475182 85 82 68 255 
-0.408976 -0.0288004 -0.045133 119 110 80 255 
-0.4069 -0.0302838 -0.0427799 89 84 70 255 
-0.404911 -0.0313061 -0.0410275 123 114 86 255 
-0.402941 -0.032317 -0.0392927 98 112 94 255 
-0.400939 -0.0337533 -0.0370177 76 80 56 255 
-0.399012 -0.0347406 -0.0353229 100 86 64 255 
-0.397058 -0.0361434 -0.0331001 81 81 69 255 
-0.39513 -0.0375285 -0.0309065 119 108 79 255 
-0.393341 -0.0376444 -0.0303381 100 107 91 255 
-0.391522 -0.038177 -0.0292392 94 118 98 255 
-0.38978 -0.0378744 -0.0292067 81 81 58 255 
-0.388009 -0.0379884 -0.0286438 80 90 70 255 
-0.38635 -0.0364298 -0.0302074 224 179 94 255 
-0.384724 -0.0340012 -0.0328696 218 181 107 255 
-0.383004 -0.0328333 -0.033927 247 196 110 255 
-0.381468 -0.0272332 -0.0405893 255 202 111 255 
-0.37973 -0.0251059 -0.0428477 252 189 111 255 
-0.378039 -0.0206115 -0.0480858 183 143 112 255 
-0.376376 -0.0125246 -0.0578377 210 183 128 255 
-0.374555 -0.00762446 -0.0635539 197 178 129 255 
-0.372684 -0.00149132 -0.070805 154 144 112 255 
-0.370731 0.00377695 -0.0769523 151 164 147 255 
-0.368714 0.00864923 -0.0825883 202 200 202 255 
-0.36664 0.0130803 -0.0876569 237 175 170 255 
-0.36451 0.0176331 -0.0928637 199 193 188 255 
-0.42141 -0.0227868 -0.0587245 110 85 69 255 
-0.419349 -0.0234158 -0.0574373 83 87 59 255 
-0.417303 -0.0240396 -0.0561591 79 84 59 255 
-0.41527 -0.0246596 -0.0548898 79 84 67 255 
-0.413101 -0.0262086 -0.0524121 113 116 83 255 
-0.411032 -0.0272768 -0.0505677 87 81 71 255 
-0.408917 -0.0287884 -0.0481494 114 114 83 255 
-0.406831 -0.0302807 -0.0457639 88 81 62 255 
-0.404832 -0.0313074 -0.0439875 89 82 67 255 
-0.402853 -0.0323236 -0.0422291 73 81 80 255 
-0.400841 -0.0337672 -0.0399231 71 83 60 255 
-0.398856 -0.0351903 -0.0376477 105 103 81 255 
-0.396941 -0.0361689 -0.0359527 82 81 74 255 
-0.394962 -0.0379822 -0.0331866 108 103 80 255 
-0.393168 -0.038097 -0.0326126 103 103 80 255 
-0.391344 -0.0386308 -0.0315029 84 103 91 255 
-0.389596 -0.0383268 -0.0314703 77 82 60 255 
-0.387819 -0.0384417 -0.0309019 84 92 70 255 
-0.386154 -0.0368791 -0.0324818 222 187 101 255 
-0.38452 -0.034446 -0.0351717 217 168 109 255 
-0.382794 -0.0332769 -0.0362403 251 209 116 255 
-0.381267 -0.0272153 -0.0435483 255 196 110 255 
-0.379519 -0.0250759 -0.0458384 215 185 117 255 
-0.377802 -0.0210315 -0.0505482 222 177 129 255 
-0.376161 -0.0114197 -0.0623222 217 178 144 255 
-0.374319 -0.00645672 -0.0681637 172 146 116 255 
-0.372421 -0.000787482 -0.0748863 150 162 119 255 
-0.370449 0.00453217 -0.0811491 184 177 149 255 
-0.368407 0.0106177 -0.0883651 204 184 202 255 
-0.366311 0.0145276 -0.0928135 231 177 166 255 
-0.421508 -0.0222599 -0.0625584 110 85 69 255 
-0.419433 -0.0228953 -0.0612486 85 88 61 255 
-0.417287 -0.024003 -0.0593186 81 84 62 255 
-0.415324 -0.0241517 -0.0586565 80 85 68 255 
-0.413139 -0.0257159 -0.0561353 111 106 80 255 
-0.411056 -0.0267926 -0.0542588 88 81 69 255 
-0.408926 -0.0283196 -0.0517984 104 116 82 255 
-0.406825 -0.0298246 -0.0493717 85 77 62 255 
-0.404752 -0.0313095 -0.046978 76 79 59 255 
-0.402763 -0.0323308 -0.0451956 73 82 60 255 
-0.400742 -0.0337808 -0.0428581 71 82 65 255 
-0.398747 -0.0352124 -0.0405518 100 104 82 255 
-0.396824 -0.0361954 -0.0388339 82 80 71 255 
-0.394836 -0.0380172 -0.0360304 116 108 86 255 
-0.392994 -0.0385546 -0.0349023 116 104 79 255 
-0.3912 -0.0386693 -0.0343247 86 109 95 255 
-0.389411 -0.0387832 -0.033749 78 81 59 255 
-0.387657 -0.0384792 -0.0337163 93 94 74 255 
-0.386036 -0.0360587 -0.0364165 230 203 111 255 
-0.384388 -0.0335992 -0.0391616 218 172 103 255 
-0.382734 -0.0306551 -0.0425233 249 213 120 255 
-0.381143 -0.0253663 -0.0488943 255 192 114 255 
-0.379389 -0.0227197 -0.0518514 238 166 121 255 
-0.377674 -0.0176159 -0.0579566 235 194 148 255 
-0.375953 -0.00978175 -0.0675457 175 148 136 255 
-0.374071 -0.00579756 -0.0721811 184 179 112 255 
-0.372154 -7.38353e-05 -0.0790287 160 173 126 255 
-0.370163 0.00529847 -0.0854095 223 202 159 255 
-0.368093 0.0126323 -0.0942763 219 190 185 255 
-0.421515 -0.0222135 -0.0657974 108 81 65 255 
-0.419428 -0.0228517 -0.0644691 83 88 61 255 
-0.417356 -0.0234867 -0.0631503 81 86 61 255 
-0.415298 -0.0241162 -0.0618408 81 84 62 255 
-0.413101 -0.0256883 -0.0592841 86 85 60 255 
-0.411007 -0.0267711 -0.0573813 79 87 68 255 
-0.408934 -0.0278437 -0.0554985 100 115 87 255 
-0.406755 -0.0298194 -0.0524261 86 79 60 255 
-0.404672 -0.0313115 -0.0499993 76 82 58 255 
-0.402673 -0.032338 -0.0481925 73 82 60 255 
-0.400642 -0.0337962 -0.045823 72 82 70 255 
-0.398637 -0.0352342 -0.0434853 108 118 92 255 
-0.396705 -0.0362225 -0.0417443 88 81 70 255 
-0.394708 -0.0380527 -0.0389028 113 116 89 255 
-0.392857 -0.0385927 -0.0377597 127 115 79 255 
-0.391054 -0.0387077 -0.0371746 88 98 78 255 
-0.389256 -0.0388229 -0.0365914 78 83 59 255 
-0.387493 -0.0385172 -0.0365588 111 103 75 255 
-0.385998 -0.0339246 -0.0421123 218 212 116 255 
-0.384327 -0.031413 -0.0449425 225 182 106 255 
-0.382716 -0.0270398 -0.0501863 252 209 121 255 
-0.381035 -0.0230011 -0.0549811 240 184 117 255 
-0.379239 -0.0207772 -0.0574115 225 187 139 255 
-0.377486 -0.0160703 -0.0630502 178 144 127 255 
-0.37574 -0.00810821 -0.0728837 176 137 108 255 
-0.373842 -0.00352035 -0.0783345 188 176 115 255 
-0.371887 0.00120586 -0.0839492 161 167 138 255 
-0.369872 0.00722806 -0.0912191 223 206 172 255 
-0.367771 0.014694 -0.100327 232 157 156 255 
-0.421616 -0.0216758 -0.0697309 108 78 67 255 
-0.419513 -0.0223213 -0.068379 82 85 60 255 
-0.417426 -0.0229624 -0.0670369 81 86 59 255 
-0.415353 -0.0235982 -0.0657043 78 86 61 255 
-0.41314 -0.0251857 -0.0631025 81 86 61 255 
-0.411031 -0.0262787 -0.0611662 82 87 68 255 
-0.408943 -0.0273618 -0.0592503 107 114 84 255 
-0.406748 -0.0293548 -0.0561243 86 80 58 255 
-0.404651 -0.0308605 -0.0536555 76 83 56 255 
-0.402638 -0.0318967 -0.0518176 74 83 60 255 
-0.400593 -0.0333675 -0.0494074 77 84 69 255 
-0.398575 -0.0348182 -0.0470298 98 119 91 255 
-0.396584 -0.0362495 -0.0446841 87 81 69 255 
-0.39462 -0.0376613 -0.0423697 100 120 92 255 
-0.392757 -0.0382061 -0.0412075 121 107 82 255 
-0.390907 -0.0387478 -0.0400531 89 89 72 255 
-0.389132 -0.0384399 -0.0400203 77 83 62 255 
-0.387387 -0.0377068 -0.0405472 137 116 76 255 
-0.385742 -0.0352479 -0.0433408 219 216 119 255 
-0.384069 -0.0327482 -0.0461815 250 209 116 255 
-0.382563 -0.0260974 -0.054458 250 191 119 255 
-0.380807 -0.0234342 -0.0574895 231 173 122 255 
-0.379052 -0.0197591 -0.0618376 174 141 119 255 
-0.377307 -0.0139888 -0.0689116 166 136 107 255 
-0.375502 -0.00745791 -0.0769584 164 184 116 255 
-0.373586 -0.00282592 -0.0825107 173 179 117 255 
-0.371611 0.00194657 -0.0882313 157 169 152 255 
-0.369575 0.00802976 -0.0956401 209 214 204 255 
-0.367454 0.014961 -0.104131 213 214 177 255 
-0.421718 -0.0211312 -0.0737216 111 79 65 255 
-0.4196 -0.0217838 -0.0723458 81 85 62 255 
-0.41741 -0.0229198 -0.0703181 79 88 58 255 
-0.415408 -0.0230742 -0.0696235 81 88 61 255 
-0.413101 -0.025155 -0.0663278 79 84 63 255 
-0.410908 -0.0267278 -0.0637262 80 84 65 255 
-0.408814 -0.0278115 -0.0617902 87 84 63 255 
-0.406676 -0.0293473 -0.0592518 79 83 60 255 
-0.404568 -0.0308611 -0.0567486 76 82 59 255 
-0.402489 -0.0323539 -0.0542798 75 84 59 255 
-0.400438 -0.0338266 -0.0518446 81 85 66 255 
-0.398463 -0.0348395 -0.0500316 101 118 81 255 
-0.396508 -0.0358409 -0.048237 92 85 68 255 
-0.394489 -0.0376964 -0.045308 104 120 96 255 
-0.392617 -0.0382434 -0.0441303 113 109 78 255 
-0.390793 -0.0383617 -0.043528 89 84 61 255 
-0.389006 -0.0380514 -0.043495 79 84 64 255 
-0.387249 -0.0373131 -0.0440313 175 132 80 255 
-0.385618 -0.0343968 -0.0474539 240 220 121 255 
-0.38393 -0.0318686 -0.0503538 255 200 118 255 
-0.382408 -0.0251382 -0.0588043 247 166 117 255 
-0.380673 -0.0214844 -0.0631686 183 154 129 255 
-0.378894 -0.0177386 -0.067642 163 140 106 255 
-0.377096 -0.0128799 -0.0735708 161 183 114 255 
-0.375301 -0.00465056 -0.0839192 181 155 111 255 
-0.373332 -0.00157012 -0.0874737 174 165 118 255 
-0.371335 0.00326677 -0.093325 157 172 155 255 
-0.369274 0.00884372 -0.10013 199 228 205 255 
-0.421726 -0.0210788 -0.0770871 109 81 66 255 
-0.419687 -0.0212386 -0.0763702 81 86 62 255 
-0.417481 -0.0223855 -0.0743063 83 84 59 255 
-0.415381 -0.0230315 -0.0729309 82 85 59 255 
-0.413063 -0.0251251 -0.0695881 77 83 61 255 
-0.410785 -0.0271808 -0.0663044 80 85 61 255 
-0.408615 -0.0287337 -0.0637121 78 84 61 255 
-0.406475 -0.0302649 -0.061156 76 84 62 255 
-0.404365 -0.0317751 -0.0586353 76 83 60 255 
-0.402339 -0.032814 -0.0567591 78 82 58 255 
-0.400282 -0.0342887 -0.0542988 89 88 62 255 
-0.39835 -0.0348607 -0.0530644 99 117 83 255 
-0.396385 -0.0358673 -0.0512453 100 93 70 255 
-0.394398 -0.0372994 -0.0488594 97 117 105 255 
-0.392514 -0.0378511 -0.047662 119 127 93 255 
-0.390678 -0.0379701 -0.0470497 94 83 59 255 
-0.388879 -0.0376586 -0.0470166 78 88 68 255 
-0.387139 -0.0364806 -0.0481436 207 155 94 255 
-0.38552 -0.0330861 -0.0522321 250 210 121 255 
-0.383813 -0.0305208 -0.0552031 242 179 112 255 
-0.382249 -0.0241623 -0.0632273 235 178 123 255 
-0.380516 -0.0199753 -0.0683367 167 154 106 255 
-0.378732 -0.0156666 -0.0735937 158 183 114 255 
-0.376908 -0.0107112 -0.0796974 178 150 111 255 
-0.375083 -0.00231148 -0.0903565 196 163 116 255 
-0.373092 0.00139628 -0.0947686 175 171 121 255 
-0.371058 0.00577202 -0.100052 154 174 143 255 
-0.368962 0.0120744 -0.10787 175 183 178 255 
-0.42183 -0.0205234 -0.0811836 111 85 69 255 
-0.419684 -0.021186 -0.079763 84 89 62 255 
-0.417466 -0.0223399 -0.0776695 82 87 61 255 
-0.415355 -0.0229898 -0.0762744 82 88 62 255 
-0.413024 -0.0250943 -0.0728836 80 87 62 255 
-0.410661 -0.0276366 -0.0689012 80 86 59 255 
-0.408484 -0.0291923 -0.0662816 77 84 61 255 
-0.406338 -0.0307252 -0.0636986 77 83 61 255 
-0.404221 -0.0322382 -0.0611516 75 82 59 255 
-0.402189 -0.033278 -0.0592559 76 84 58 255 
-0.400125 -0.0347545 -0.0567701 97 93 64 255 
-0.398187 -0.0353264 -0.0555231 97 113 86 255 
-0.396216 -0.0363349 -0.0536853 108 97 73 255 
-0.394265 -0.037333 -0.0518661 97 116 106 255 
-0.392371 -0.0378882 -0.0506525 117 127 96 255 
-0.390561 -0.0375741 -0.0506193 93 80 57 255 
-0.38875 -0.0372603 -0.0505861 81 87 68 255 
-0.386997 -0.0360728 -0.0517328 221 166 94 255 
-0.385365 -0.0326514 -0.0558927 249 184 109 255 
-0.383717 -0.0286844 -0.0607756 242 172 109 255 
-0.382154 -0.0217181 -0.0696821 222 194 118 255 
-0.380433 -0.0164299 -0.0763109 183 146 106 255 
-0.378664 -0.01042 -0.0838897 209 175 114 255 
-0.376768 -0.0063404 -0.088862 183 180 117 255 
-0.37488 0.00122234 -0.0984839 192 161 112 255 
-0.372864 0.00620739 -0.104633 172 169 123 255 
-0.370775 0.0089412 -0.107761 185 176 132 255 
-0.368646 0.0135527 -0.113384 209 183 151 255 
-0.421935 -0.0199592 -0.0853408 111 85 69 255 
-0.419865 -0.0201243 -0.0845983 86 91 62 255 
-0.417538 -0.0217947 -0.0817631 83 86 60 255 
-0.415494 -0.0219546 -0.0810339 81 86 61 255 
-0.413141 -0.0240874 -0.0775694 80 85 60 255 
-0.410682 -0.0271427 -0.0728372 79 86 59 255 
-0.408421 -0.0291842 -0.0695191 77 83 58 255 
-0.406263 -0.0307262 -0.0668998 78 84 60 255 
-0.404135 -0.0322465 -0.0643171 79 82 57 255 
-0.402037 -0.0337458 -0.0617703 76 86 61 255 
-0.399967 -0.0352241 -0.0592586 105 93 66 255 
-0.398022 -0.0357959 -0.0579988 98 119 87 255 
-0.39609 -0.0363639 -0.0567478 111 98 72 255 
-0.394171 -0.0369283 -0.0555051 93 110 98 255 
-0.392227 -0.0379257 -0.0536737 107 114 91 255 
-0.390407 -0.03761 -0.0536404 90 81 59 255 
-0.388619 -0.0368566 -0.0542043 86 89 71 255 
-0.386882 -0.0352183 -0.0559746 223 160 93 255 
-0.385235 -0.0317561 -0.0602218 243 167 109 255 
-0.383522 -0.0286747 -0.0639403 200 188 123 255 
-0.381968 -0.0211817 -0.0736393 172 143 104 255 
-0.380466 -0.00959292 -0.0888656 153 143 106 255 
-0.378677 -0.00214091 -0.0984509 207 158 110 255 
-0.376715 0.00219458 -0.103795 181 175 117 255 
-0.374679 0.00546813 -0.107691 176 178 119 255 
-0.372596 0.00820692 -0.110855 161 161 122 255 
-0.37048 0.0109897 -0.11407 187 167 138 255 
-0.422042 -0.0193881 -0.0895602 108 82 65 255 
-0.419956 -0.0195552 -0.0888045 82 89 61 255 
-0.4177 -0.0207373 -0.0866262 85 86 59 255 
-0.415636 -0.0209006 -0.0858813 84 88 61 255 
-0.41318 -0.0235585 -0.0816478 83 86 59 255 
-0.410703 -0.026642 -0.0768302 80 85 58 255 
-0.408356 -0.029176 -0.0727915 78 84 60 255 
-0.406188 -0.0307261 -0.0701353 76 84 60 255 
-0.404049 -0.0322554 -0.0675163 78 84 59 255 
-0.40194 -0.0337619 -0.0649338 78 84 60 255 
-0.39986 -0.0352484 -0.0623872 116 97 70 255 
-0.397905 -0.0358234 -0.0611103 91 102 86 255 
-0.395963 -0.0363947 -0.0598421 113 98 69 255 
-0.394035 -0.0369613 -0.0585826 101 108 86 255 
-0.392119 -0.0375244 -0.0573317 97 108 90 255 
-0.390252 -0.0376465 -0.0566928 84 83 60 255 
-0.388486 -0.0364485 -0.0578725 89 92 75 255 
-0.386737 -0.0347965 -0.0596738 223 161 104 255 
-0.385102 -0.0308452 -0.0646268 236 178 123 255 
-0.383421 -0.0267833 -0.0697201 195 142 106 255 
-0.381844 -0.0191424 -0.0797003 153 159 111 255 
-0.380418 -0.00457008 -0.0991376 167 141 107 255 
-0.3785 0.000294402 -0.105261 206 149 113 255 
-0.376508 0.00472312 -0.110773 172 150 114 255 
-0.374442 0.0080677 -0.114793 187 174 121 255 
-0.372333 0.0114791 -0.118893 162 154 123 255 
-0.422052 -0.019325 -0.0931105 107 85 66 255 
-0.419955 -0.0194928 -0.0923438 83 88 60 255 
-0.417685 -0.0206826 -0.0901337 85 87 60 255 
-0.415696 -0.0203377 -0.0900974 84 86 59 255 
-0.413221 -0.0230214 -0.0857865 81 86 60 255 
-0.410725 -0.0261339 -0.0808813 80 87 59 255 
-0.408361 -0.0286923 -0.0767701 80 86 59 255 
-0.406176 -0.0302567 -0.0740666 79 83 60 255 
-0.404022 -0.0317993 -0.0714014 78 84 59 255 
-0.401899 -0.0333203 -0.0687736 77 83 56 255 
-0.399804 -0.0348203 -0.0661825 90 88 61 255 
-0.397787 -0.0358508 -0.0642543 78 88 68 255 
-0.395835 -0.0364252 -0.0629688 112 109 77 255 
-0.393897 -0.0369951 -0.0616921 107 107 86 255 
-0.391972 -0.0375604 -0.0604241 91 113 93 255 
-0.39013 -0.0372415 -0.0603906 80 84 63 255 
-0.388351 -0.0360348 -0.0615912 109 95 84 255 
-0.386648 -0.0334631 -0.0646801 228 178 123 255 
-0.385049 -0.0285138 -0.0710563 227 178 117 255 
-0.383876 -0.0137751 -0.090962 173 181 107 255 
-0.382129 -0.0075382 -0.0990647 137 147 107 255 
-0.380265 -0.00217299 -0.105944 184 174 115 255 
-0.378301 0.00221266 -0.111454 209 151 114 255 
-0.376296 0.00732209 -0.117946 202 170 117 255 
-0.374179 0.00951444 -0.12041 170 152 123 255 
-0.372047 0.0129754 -0.124609 148 155 139 255 
-0.422161 -0.018742 -0.0974447 108 85 67 255 
-0.420047 -0.0189119 -0.0966643 83 88 61 255 
-0.41776 -0.0201136 -0.0944135 84 88 62 255 
-0.415756 -0.0197669 -0.094377 84 87 62 255 
-0.413261 -0.0224765 -0.0899866 83 88 62 255 
-0.410747 -0.025619 -0.084992 82 87 60 255 
-0.408365 -0.0282013 -0.0808066 80 85 60 255 
-0.406165 -0.029781 -0.0780547 79 84 60 255 
-0.403995 -0.0313382 -0.0753421 77 83 60 255 
-0.401799 -0.0333361 -0.0720139 76 85 59 255 
-0.399747 -0.0343871 -0.0700315 77 84 59 255 
-0.397716 -0.035427 -0.0680696 77 82 63 255 
-0.395751 -0.036006 -0.0667619 107 102 76 255 
-0.393799 -0.0365815 -0.0654633 93 102 81 255 
-0.3919 -0.0367068 -0.0648004 77 95 84 255 
-0.390006 -0.0368321 -0.0641399 81 87 61 255 
-0.388246 -0.0351649 -0.0659931 125 107 88 255 
-0.386557 -0.032103 -0.0697921 202 189 135 255 
-0.384938 -0.0270767 -0.0763284 200 178 103 255 
-0.38372 -0.0126235 -0.0960055 206 157 100 255 
-0.381952 -0.00630322 -0.104293 152 140 108 255 
-0.380027 -0.00200836 -0.109738 196 178 117 255 
-0.378065 0.00299388 -0.116151 211 148 114 255 
-0.376026 0.00754964 -0.121927 178 142 120 255 
-0.373887 0.00914164 -0.123579 172 153 143 255 
-0.371742 0.0126131 -0.127827 195 212 182 255 
-0.369553 0.0161551 -0.132163 235 229 193 255 
-0.422272 -0.0181503 -0.101845 110 85 69 255 
-0.420142 -0.018323 -0.101051 85 89 64 255 
-0.417837 -0.0195367 -0.0987581 84 89 62 255 
-0.41573 -0.0197059 -0.0979752 84 87 62 255 
-0.413303 -0.0219234 -0.0942497 83 84 60 255 
-0.410693 -0.0255925 -0.0884526 82 87 61 255 
-0.408299 -0.0281888 -0.0842067 81 86 60 255 
-0.406087 -0.0297774 -0.0814155 78 84 60 255 
-0.403906 -0.0313426 -0.0786644 77 88 61 255 
-0.401699 -0.0333506 -0.0752891 77 87 64 255 
-0.399636 -0.0344078 -0.0732787 92 100 75 255 
-0.397644 -0.034997 -0.0719389 82 83 65 255 
-0.395666 -0.0355825 -0.0706085 85 86 67 255 
-0.3937 -0.0361635 -0.0692874 80 87 63 255 
-0.391787 -0.0362903 -0.0686134 77 86 62 255 
-0.389951 -0.0355144 -0.0692196 80 87 65 255 
-0.388172 -0.0338223 -0.0711191 164 117 90 255 
-0.386464 -0.0307139 -0.0750134 161 141 124 255 
-0.384772 -0.0265767 -0.0803484 202 179 103 255 
-0.383509 -0.012523 -0.099635 216 168 104 255 
-0.381703 -0.00672092 -0.107265 156 144 105 255 
-0.379766 -0.00241479 -0.112772 202 163 114 255 
-0.377776 0.00201161 -0.118432 193 148 120 255 
-0.375729 0.00656183 -0.124251 175 152 141 255 
-0.373615 0.0106198 -0.129366 202 213 188 255 
-0.371445 0.0141417 -0.133718 213 217 193 255 
-0.369231 0.0170888 -0.137256 235 224 182 255 
-0.422384 -0.0175498 -0.106313 110 88 70 255 
-0.420141 -0.0182527 -0.104735 86 91 65 255 
-0.417822 -0.0194739 -0.102408 84 89 61 255 
-0.415703 -0.019645 -0.101614 82 87 62 255 
-0.413263 -0.0218761 -0.097834 81 86 61 255 
-0.410639 -0.0255649 -0.091952 79 86 62 255 
-0.408303 -0.0276886 -0.0883498 80 85 61 255 
-0.406074 -0.0292925 -0.0855083 79 84 61 255 
-0.403816 -0.0313478 -0.0820227 77 85 63 255 
-0.401655 -0.0328993 -0.0792722 88 90 72 255 
-0.399578 -0.0339659 -0.0772265 122 135 105 255 
-0.397571 -0.0345615 -0.0758633 93 99 85 255 
-0.395533 -0.0356101 -0.0738536 93 111 86 255 
-0.3936 -0.0357392 -0.0731656 80 87 72 255 
-0.391712 -0.0354126 -0.0731316 76 86 64 255 
-0.389823 -0.035086 -0.0730975 79 87 68 255 
-0.388064 -0.0329169 -0.0756918 133 115 89 255 
-0.386368 -0.029296 -0.0803474 132 129 102 255 
-0.384656 -0.0250928 -0.0858187 188 184 103 255 
-0.383295 -0.0124222 -0.103306 195 197 113 255 
-0.381451 -0.00714123 -0.11026 153 141 111 255 
-0.379503 -0.00282475 -0.11583 206 176 113 255 
-0.377486 0.00102448 -0.120722 186 179 131 255 
-0.37543 0.00557025 -0.126586 205 215 180 255 
-0.373323 0.0108709 -0.133499 224 198 185 255 
-0.422295 -0.0180071 -0.10928 107 86 68 255 
-0.42014 -0.0181823 -0.108462 86 91 66 255 
-0.417808 -0.0194111 -0.106101 86 90 64 255 
-0.415677 -0.0195828 -0.105296 83 90 66 255 
-0.413222 -0.0218277 -0.101459 83 86 61 255 
-0.410661 -0.0250376 -0.0962223 81 87 64 255 
-0.408307 -0.0271814 -0.0925544 80 86 62 255 
-0.406062 -0.0288004 -0.0896613 77 84 61 255 
-0.403787 -0.0308759 -0.0861129 78 84 60 255 
-0.401611 -0.0324419 -0.0833131 84 91 72 255 
-0.399518 -0.0335188 -0.081231 112 126 105 255 
-0.397497 -0.0341198 -0.0798439 89 98 100 255 
-0.395491 -0.0347164 -0.0784666 119 143 112 255 
-0.39354 -0.0348492 -0.0777645 124 133 99 255 
-0.391596 -0.0349803 -0.0770649 91 85 65 255 
-0.38973 -0.0341896 -0.077696 79 88 77 255 
-0.387954 -0.031995 -0.0803465 108 122 102 255 
-0.386211 -0.0288109 -0.0844115 132 136 101 255 
-0.384457 -0.025064 -0.0892728 198 174 106 255 
-0.383027 -0.0133963 -0.105476 213 180 110 255 
-0.381198 -0.0075662 -0.113279 180 139 108 255 
-0.37922 -0.00381115 -0.118093 192 172 121 255 
-0.377194 3.3617e-05 -0.123022 210 199 159 255 
-0.375141 0.00517942 -0.129793 227 204 183 255 
-0.422409 -0.0173996 -0.113858 106 86 68 255 
-0.420139 -0.0181119 -0.112233 89 89 65 255 
-0.417886 -0.0188192 -0.11062 90 92 70 255 
-0.415738 -0.0189928 -0.1098 103 103 82 255 
-0.413182 -0.0217782 -0.105126 90 92 66 255 
-0.410683 -0.0245011 -0.100557 83 86 63 255 
-0.40831 -0.026667 -0.0968217 80 87 59 255 
-0.405982 -0.0287924 -0.0931551 79 86 58 255 
-0.403757 -0.0303969 -0.090263 77 83 59 255 
-0.401507 -0.0324538 -0.0867156 82 89 69 255 
-0.399458 -0.0330655 -0.0852938 96 111 96 255 
-0.397373 -0.0341407 -0.0831973 102 103 85 255 
-0.395355 -0.0347404 -0.0818008 127 134 120 255 
-0.393394 -0.0348734 -0.081089 127 137 105 255 
-0.391479 -0.0345426 -0.0810548 93 84 65 255 
-0.389599 -0.0337452 -0.0816975 79 89 73 255 
-0.387776 -0.0320048 -0.0837091 106 123 89 255 
-0.386052 -0.0283194 -0.088535 158 147 105 255 
-0.384256 -0.0250357 -0.0927654 210 171 110 255 
-0.382709 -0.015443 -0.10611 193 155 111 255 
-0.380855 -0.010215 -0.113113 162 151 114 255 
-0.378899 -0.00594072 -0.118723 194 166 147 255 
-0.376902 -0.000962287 -0.125331 222 204 183 255 
-0.422319 -0.017863 -0.11689 106 86 67 255 
-0.420138 -0.0180404 -0.116048 85 89 65 255 
-0.417779 -0.0192844 -0.113616 90 92 73 255 
-0.415622 -0.0194584 -0.112786 103 121 92 255 
-0.413057 -0.0222493 -0.108061 99 109 81 255 
-0.410627 -0.0244683 -0.104198 96 95 69 255 
-0.408242 -0.0266469 -0.100408 82 87 63 255 
-0.405901 -0.028784 -0.096688 79 85 61 255 
-0.403665 -0.0303975 -0.0937541 79 84 61 255 
-0.401461 -0.0319877 -0.0908629 82 90 68 255 
-0.399342 -0.0330802 -0.0887135 82 101 89 255 
-0.397246 -0.0341615 -0.0865873 101 114 89 255 
-0.395265 -0.0342966 -0.0858607 132 130 113 255 
-0.393289 -0.0344318 -0.0851366 107 121 89 255 
-0.39136 -0.0340983 -0.0851021 83 87 66 255 
-0.389501 -0.0328235 -0.0864488 77 90 72 255 
-0.387629 -0.0315389 -0.0878054 110 123 90 255 
-0.38589 -0.0278212 -0.0927193 193 138 98 255 
-0.384078 -0.0245081 -0.0970278 223 181 111 255 
-0.382416 -0.0169538 -0.107513 170 147 117 255 
-0.380557 -0.0117524 -0.11454 156 153 134 255 
-0.378596 -0.00749961 -0.120169 207 209 179 255 
-0.422434 -0.0172467 -0.121582 104 88 66 255 
-0.420137 -0.0179689 -0.119908 85 89 65 255 
-0.417763 -0.0192204 -0.117439 90 93 74 255 
-0.415506 -0.0199279 -0.115797 99 119 96 255 
-0.413015 -0.0222034 -0.111801 94 108 85 255 
-0.410571 -0.024436 -0.107881 97 106 80 255 
-0.408173 -0.0266265 -0.104035 98 98 75 255 
-0.405819 -0.0287755 -0.10026 89 91 65 255 
-0.403571 -0.030398 -0.0972841 80 86 63 255 
-0.401298 -0.0324778 -0.0936334 80 85 62 255 
-0.399226 -0.0330966 -0.0921709 80 89 68 255 
-0.397169 -0.0337099 -0.0907191 93 99 81 255 
-0.395172 -0.0338473 -0.0899797 130 116 93 255 
-0.393183 -0.033984 -0.0892431 101 109 74 255 
-0.391278 -0.0331748 -0.0899103 82 86 62 255 
-0.389402 -0.0318844 -0.091287 82 91 73 255 
-0.387545 -0.0301018 -0.0933882 114 126 93 255 
-0.385755 -0.0268203 -0.0976962 197 159 106 255 
-0.383899 -0.023972 -0.101354 224 191 117 255 
-0.382124 -0.0184648 -0.108915 167 167 128 255 
-0.380259 -0.0132908 -0.115967 197 193 159 255 
-0.378294 -0.00905755 -0.121616 228 198 174 255 
-0.422343 -0.0177158 -0.12468 104 87 68 255 
-0.420135 -0.0178964 -0.123813 89 90 65 255 
-0.417748 -0.0191555 -0.121307 89 92 74 255 
-0.415477 -0.0198674 -0.11964 97 117 95 255 
-0.412972 -0.0221566 -0.115585 93 108 85 255 
-0.410592 -0.0238864 -0.112389 98 113 89 255 
-0.408103 -0.026606 -0.107703 101 109 80 255 
-0.405804 -0.0282688 -0.104626 103 109 79 255 
-0.403539 -0.0299073 -0.101595 103 92 68 255 
-0.401249 -0.0320074 -0.0978782 87 86 63 255 
-0.399162 -0.0326324 -0.0963895 81 86 62 255 
-0.39709 -0.0332521 -0.0949116 84 91 65 255 
-0.395125 -0.0329129 -0.0948767 124 104 74 255 
-0.39316 -0.0325737 -0.0948418 110 112 70 255 
-0.391234 -0.0317524 -0.0955267 86 86 62 255 
-0.389374 -0.0299558 -0.0976671 87 95 72 255 
-0.387459 -0.0286326 -0.0990955 117 131 96 255 
-0.385588 -0.0263029 -0.10202 194 151 108 255 
-0.383769 -0.0224028 -0.107271 201 152 117 255 
-0.381877 -0.0189267 -0.111878 193 165 143 255 
-0.37998 -0.0142852 -0.118201 218 207 184 255 
-0.422459 -0.0170917 -0.129491 104 86 68 255 
-0.420134 -0.0178228 -0.127765 89 90 64 255 
-0.417733 -0.0190902 -0.125221 87 93 73 255 
-0.415448 -0.0198069 -0.123529 92 111 95 255 
-0.412929 -0.0221096 -0.119413 93 110 94 255 
-0.410535 -0.02385 -0.116169 100 124 100 255 
-0.408105 -0.026075 -0.112193 101 110 89 255 
-0.405789 -0.0277547 -0.109059 105 112 86 255 
-0.403506 -0.0294104 -0.105972 114 105 77 255 
-0.401258 -0.0310399 -0.102931 111 106 74 255 
-0.399151 -0.0316744 -0.101409 105 86 62 255 
-0.39706 -0.0323037 -0.0998996 88 88 63 255 
-0.395077 -0.031961 -0.0998644 98 87 66 255 
-0.393094 -0.0316185 -0.0998292 94 91 65 255 
-0.39115 -0.0307884 -0.10053 84 87 62 255 
-0.389271 -0.02897 -0.102718 93 99 72 255 
-0.387338 -0.0276311 -0.104179 123 135 99 255 
-0.385449 -0.0252714 -0.107169 185 172 111 255 
-0.383557 -0.0223593 -0.11098 198 184 130 255 
-0.381674 -0.0183313 -0.116453 221 211 174 255 
-0.422367 -0.0175658 -0.132658 103 86 68 255 
-0.420033 -0.0182984 -0.130913 87 91 64 255 
-0.417717 -0.0190253 -0.129182 87 93 67 255 
-0.415419 -0.0197454 -0.127465 90 97 77 255 
-0.412969 -0.0215309 -0.124108 96 111 94 255 
-0.410636 -0.0227616 -0.121615 100 113 95 255 
-0.408181 -0.0250194 -0.117548 101 105 90 255 
-0.405842 -0.0267233 -0.114343 96 111 86 255 
-0.403537 -0.0284022 -0.111187 104 110 79 255 
-0.401267 -0.0300552 -0.108078 112 111 81 255 
-0.39914 -0.0306992 -0.106524 119 102 76 255 
-0.397029 -0.0313378 -0.104981 117 104 72 255 
-0.395028 -0.0309927 -0.104945 103 90 67 255 
-0.393026 -0.0306464 -0.10491 87 88 68 255 
-0.391064 -0.0298069 -0.105627 82 89 63 255 
-0.38913 -0.0284668 -0.107104 100 105 76 255 
-0.387181 -0.0271158 -0.108592 126 140 102 255 
-0.385276 -0.0247336 -0.111639 174 188 115 255 
-0.383368 -0.0217949 -0.115522 212 197 144 255 
-0.381468 -0.0177279 -0.121099 231 203 183 255 
-0.42238 -0.0174908 -0.136719 103 86 67 255 
-0.420031 -0.0182278 -0.134948 85 90 65 255 
-0.417606 -0.0195059 -0.132336 85 91 63 255 
-0.415299 -0.0202273 -0.130599 91 92 69 255 
-0.412925 -0.0214807 -0.128039 93 113 92 255 
-0.410578 -0.022719 -0.125508 94 105 91 255 
-0.408184 -0.0244673 -0.122193 96 111 88 255 
-0.405826 -0.026189 -0.118928 96 113 88 255 
-0.403504 -0.0278849 -0.115712 98 115 90 255 
-0.401277 -0.0290512 -0.113324 98 111 87 255 
-0.399074 -0.0302049 -0.110963 105 109 85 255 
-0.396998 -0.0303547 -0.110158 120 109 79 255 
-0.394978 -0.0300058 -0.110122 126 112 81 255 
-0.392957 -0.0296571 -0.110087 92 101 87 255 
-0.390975 -0.0288077 -0.11082 83 89 66 255 
-0.388987 -0.0279549 -0.111556 109 111 81 255 
-0.387088 -0.0255708 -0.114637 145 135 102 255 
-0.385102 -0.0241882 -0.116177 177 199 129 255 
-0.383229 -0.020162 -0.121753 222 216 172 255 
-0.422392 -0.0174147 -0.140829 101 85 68 255 
-0.420029 -0.0181562 -0.139031 83 89 65 255 
-0.417589 -0.0194426 -0.136379 83 90 65 255 
-0.415268 -0.0201686 -0.134617 92 94 71 255 
-0.41288 -0.0214295 -0.132017 97 124 95 255 
-0.41052 -0.0226762 -0.129449 95 108 92 255 
-0.408111 -0.0244351 -0.126083 90 112 91 255 
-0.40581 -0.0256474 -0.123583 93 105 90 255 
-0.40347 -0.0273603 -0.120308 95 114 95 255 
-0.401226 -0.0285386 -0.117875 94 112 95 255 
-0.399007 -0.0297034 -0.11547 103 114 89 255 
-0.396915 -0.0298552 -0.11465 117 113 84 255 
-0.394879 -0.0295044 -0.114614 137 116 85 255 
-0.392842 -0.0291526 -0.114579 95 102 88 255 
-0.390846 -0.0282962 -0.115326 86 89 70 255 
-0.388878 -0.0269262 -0.116866 112 114 86 255 
-0.386927 -0.0250301 -0.119216 142 135 109 255 
-0.384953 -0.0231113 -0.121593 197 182 140 255 
-0.383034 -0.0195689 -0.126468 223 191 176 255 
-0.422298 -0.0178986 -0.144094 107 94 73 255 
-0.419926 -0.0186414 -0.142276 85 88 63 255 
-0.417476 -0.0199301 -0.139594 82 90 65 255 
-0.415146 -0.0206574 -0.137812 92 93 70 255 
-0.412749 -0.0219206 -0.135183 97 116 92 255 
-0.41046 -0.0226324 -0.133436 94 107 92 255 
-0.408038 -0.0244029 -0.130019 91 114 91 255 
-0.405724 -0.0256218 -0.127482 89 103 92 255 
-0.403436 -0.0268274 -0.124974 95 118 98 255 
-0.401174 -0.0280176 -0.122496 96 121 101 255 
-0.398938 -0.0291956 -0.120046 103 119 95 255 
-0.39683 -0.0293494 -0.119211 113 112 89 255 
-0.394826 -0.0284865 -0.119974 126 111 85 255 
-0.39277 -0.0281319 -0.119938 92 96 77 255 
-0.390713 -0.0277773 -0.119902 86 91 72 255 
-0.38873 -0.0263951 -0.121471 113 120 91 255 
-0.386763 -0.0244806 -0.123866 138 146 128 255 
-0.384773 -0.0225445 -0.126289 211 205 169 255 
-0.419821 -0.0191314 -0.145547 102 99 74 255 
-0.417362 -0.0204216 -0.142835 87 92 69 255 
-0.415023 -0.0211501 -0.141032 92 96 73 255 
-0.412617 -0.0224157 -0.138374 98 108 90 255 
-0.410319 -0.0231288 -0.136607 98 111 89 255 
-0.407964 -0.0243703 -0.134001 98 114 88 255 
-0.405636 -0.0255968 -0.131426 95 108 95 255 
-0.403335 -0.0268092 -0.128881 94 114 99 255 
-0.401061 -0.0280073 -0.126366 96 117 100 255 
-0.398868 -0.0286793 -0.124693 99 108 96 255 
-0.396744 -0.0288351 -0.123843 110 112 91 255 
-0.394676 -0.0284783 -0.123807 120 106 84 255 
-0.392608 -0.0281224 -0.123771 93 92 68 255 
-0.39058 -0.0272508 -0.124548 86 92 74 255 
-0.388579 -0.0258553 -0.126148 116 128 100 255 
-0.386596 -0.0239236 -0.128589 178 163 143 255 
-0.384618 -0.0214339 -0.1319 216 192 173 255 
-0.417152 -0.0214696 -0.145208 114 108 83 255 
-0.414808 -0.0221954 -0.143392 97 100 79 255 
-0.412398 -0.0234572 -0.140715 96 102 86 255 
-0.410097 -0.0241675 -0.138935 101 109 84 255 
-0.407813 -0.024872 -0.13717 99 112 87 255 
-0.405477 -0.026101 -0.134566 101 103 90 255 
-0.403168 -0.0273148 -0.131992 95 113 96 255 
-0.400946 -0.0279966 -0.130281 94 112 99 255 
-0.398741 -0.0286724 -0.128584 96 110 101 255 
-0.396605 -0.0288298 -0.127722 107 118 92 255 
-0.394524 -0.0284707 -0.127685 115 109 84 255 
-0.392488 -0.0275955 -0.128475 93 90 65 255 
-0.390443 -0.0267159 -0.129267 87 95 76 255 
-0.38839 -0.0258327 -0.130062 122 136 116 255 
-0.386394 -0.0238891 -0.132541 205 195 164 255 
-0.414503 -0.0237893 -0.144872 125 118 93 255 
-0.412179 -0.0245036 -0.143065 111 107 84 255 
-0.409874 -0.0252111 -0.141273 100 103 79 255 
-0.407586 -0.025913 -0.139494 99 107 85 255 
-0.405317 -0.02661 -0.13773 100 110 88 255 
-0.402999 -0.0278253 -0.135128 97 107 91 255 
-0.400769 -0.0285075 -0.133398 101 108 89 255 
-0.398556 -0.0291847 -0.131682 96 112 96 255 
-0.396411 -0.0293406 -0.13081 102 113 91 255 
-0.394323 -0.028981 -0.130774 102 112 91 255 
-0.392278 -0.0281032 -0.131573 90 90 66 255 
-0.390224 -0.0272219 -0.132374 92 99 81 255 
-0.388163 -0.0263359 -0.133179 159 151 132 255 
-0.386157 -0.0243885 -0.135686 211 193 175 255 
-0.409649 -0.0262587 -0.143619 123 113 88 255 
-0.407358 -0.0269588 -0.141828 108 107 82 255 
-0.405085 -0.027652 -0.140052 97 109 84 255 
-0.402763 -0.0288645 -0.137431 104 105 86 255 
-0.40053 -0.029544 -0.135689 108 108 84 255 
-0.398369 -0.0297009 -0.134805 97 112 90 255 
-0.396216 -0.0298572 -0.133924 94 108 92 255 
-0.39412 -0.029496 -0.133887 98 108 91 255 
-0.392022 -0.0291346 -0.133851 89 90 68 255 
-0.389964 -0.0282534 -0.134659 100 106 95 255 
-0.387934 -0.0268438 -0.136321 200 182 153 255 
-0.385951 -0.0243572 -0.13972 221 180 153 255 
-0.407129 -0.0280074 -0.144172 136 126 93 255 
-0.404852 -0.0286989 -0.142383 118 110 87 255 
-0.402592 -0.0293846 -0.140607 108 105 82 255 
-0.40035 -0.0300646 -0.138846 109 105 81 255 
-0.398125 -0.0307396 -0.137098 103 113 86 255 
-0.395968 -0.0308942 -0.136211 92 111 90 255 
-0.393867 -0.0305321 -0.136175 94 103 89 255 
-0.391809 -0.0296518 -0.136989 89 91 70 255 
-0.389742 -0.0287688 -0.137806 127 120 114 255 
-0.387738 -0.026827 -0.140351 208 201 178 255 
-0.40229 -0.0309549 -0.142065 126 119 93 255 
-0.400049 -0.0316288 -0.140298 119 108 82 255 
-0.397935 -0.0312653 -0.140261 105 109 80 255 
-0.395719 -0.031935 -0.138508 99 108 85 255 
-0.393661 -0.0310566 -0.139328 92 103 85 255 
-0.391551 -0.0306929 -0.139292 87 93 73 255 
-0.38754 -0.0268115 -0.144429 196 187 177 255 
-0.399866 -0.032161 -0.143486 142 128 97 255 
-0.397689 -0.0323137 -0.14258 120 116 90 255 
-0.39552 -0.032466 -0.141677 115 107 83 255 
-0.393406 -0.0321025 -0.141641 95 99 79 255 
-0.391334 -0.0312205 -0.142471 84 94 85 255 
-0.393197 -0.0326367 -0.144835 119 112 92 255 
-0.391158 -0.0312309 -0.146554 103 107 102 255 
