-0.554  0.114 -0.142 226 189 125
-0.557  0.117 -0.144 228 189 111
-0.557  0.120 -0.144 222 185 105
-0.557  0.123 -0.144 223 183 107
-0.557  0.126 -0.144 224 184 106
-0.557  0.129 -0.144 224 181 102
-0.557  0.132 -0.143 219 178 100
-0.557  0.135 -0.143 218 177 100
-0.305  0.100  0.054 223 179 99
-0.303  0.102  0.056 224 181 103
-0.301  0.103  0.057 223 183 106
-0.300  0.104  0.058 224 184 107
-0.298  0.106  0.060 226 188 109
-0.296  0.107  0.062 229 189 115
-0.307  0.085  0.050 220 182 110
-0.307  0.086  0.050 221 179 98
-0.307  0.088  0.050 230 175 85
-0.307  0.089  0.051 233 174 72
-0.306  0.091  0.051 230 173 68
-0.306  0.093  0.051 231 174 68
-0.305  0.094  0.052 232 179 70
-0.305  0.096  0.052 232 176 70
-0.304  0.097  0.053 231 177 69
-0.303  0.099  0.054 230 176 70
-0.303  0.100  0.054 230 178 70
-0.301  0.101  0.056 231 178 71
-0.299  0.103  0.057 232 179 72
-0.298  0.104  0.058 233 176 71
-0.297  0.105  0.059 234 178 73
-0.294  0.107  0.061 232 176 78
-0.294  0.108  0.061 228 179 91
-0.293  0.109  0.062 224 182 104
-0.293  0.111  0.062 224 185 114
-0.303  0.081  0.051 223 182 102
-0.305  0.083  0.050 222 179 90
-0.305  0.085  0.050 228 172 69
-0.304  0.086  0.050 231 175 67
-0.305  0.088  0.050 233 174 69
-0.304  0.089  0.051 232 175 69
-0.303  0.091  0.051 231 176 69
-0.303  0.092  0.052 231 174 67
-0.303  0.094  0.052 232 177 69
-0.302  0.095  0.052 232 175 67
-0.301  0.097  0.053 233 178 67
-0.300  0.098  0.054 233 177 69
-0.300  0.100  0.054 232 178 70
-0.299  0.101  0.055 232 178 69
-0.297  0.103  0.057 233 179 69
-0.296  0.104  0.058 232 179 70
-0.295  0.105  0.058 233 179 70
-0.293  0.107  0.060 234 178 69
-0.292  0.108  0.060 233 178 69
-0.292  0.109  0.061 232 175 71
-0.292  0.111  0.061 229 175 76
-0.292  0.112  0.061 228 179 89
-0.292  0.114  0.061 225 184 106
-0.293  0.116  0.060 225 190 123
-0.300  0.075  0.051 211 141 115
-0.301  0.076  0.051 224 169 110
-0.301  0.078  0.051 225 182 105
-0.301  0.080  0.051 228 175 86
-0.302  0.081  0.050 233 178 68
-0.303  0.083  0.050 230 179 71
-0.302  0.084  0.050 232 176 70
-0.302  0.086  0.050 233 176 68
-0.302  0.088  0.050 232 176 68
-0.301  0.089  0.051 233 174 68
-0.301  0.091  0.051 232 177 70
-0.301  0.092  0.052 230 177 69
-0.300  0.094  0.052 232 177 68
-0.300  0.095  0.052 231 176 68
-0.299  0.097  0.053 231 180 69
-0.298  0.098  0.054 232 178 69
-0.298  0.100  0.054 234 175 69
-0.296  0.101  0.055 233 179 68
-0.295  0.102  0.056 232 178 67
-0.294  0.104  0.057 231 179 71
-0.293  0.105  0.058 232 179 69
-0.292  0.107  0.059 233 179 70
-0.291  0.108  0.059 232 179 68
-0.291  0.109  0.060 232 177 71
-0.291  0.111  0.060 232 176 71
-0.291  0.113  0.060 232 177 72
-0.291  0.114  0.060 229 176 74
-0.292  0.116  0.059 226 176 87
-0.292  0.117  0.059 223 181 106
-0.299  0.073  0.051 196 125 91
-0.299  0.075  0.051 207 142 83
-0.299  0.076  0.050 228 166 73
-0.299  0.078  0.050 233 174 71
-0.299  0.080  0.050 234 175 68
-0.300  0.081  0.050 235 179 69
-0.301  0.083  0.049 232 175 69
-0.300  0.084  0.049 232 176 70
-0.300  0.086  0.050 230 174 68
-0.300  0.088  0.050 234 178 68
-0.299  0.089  0.051 234 175 67
-0.299  0.091  0.051 234 174 68
-0.298  0.092  0.052 230 178 68
-0.298  0.094  0.052 233 176 66
-0.297  0.095  0.052 232 175 67
-0.296  0.097  0.053 231 180 69
-0.295  0.098  0.054 233 178 67
-0.295  0.100  0.054 234 177 68
-0.294  0.101  0.055 234 180 67
-0.292  0.102  0.056 233 178 68
-0.292  0.104  0.057 232 179 69
-0.291  0.105  0.057 233 179 70
-0.290  0.107  0.058 232 179 70
-0.291  0.108  0.058 232 178 69
-0.291  0.110  0.058 231 178 72
-0.290  0.111  0.058 233 177 69
-0.290  0.113  0.059 234 178 69
-0.291  0.114  0.058 231 177 71
-0.290  0.116  0.058 229 174 73
-0.290  0.117  0.059 226 173 77
-0.290  0.119  0.058 225 180 92
-0.290  0.120  0.059 225 185 112
-0.297  0.073  0.050 201 134 70
-0.297  0.075  0.050 220 167 71
-0.297  0.076  0.050 231 174 69
-0.298  0.078  0.049 233 176 70
-0.298  0.080  0.049 235 173 69
-0.298  0.081  0.050 234 178 71
-0.299  0.083  0.049 232 175 68
-0.298  0.084  0.049 232 174 68
-0.298  0.086  0.050 230 173 67
-0.298  0.087  0.050 233 175 67
-0.297  0.089  0.051 234 178 67
-0.296  0.090  0.051 234 176 68
-0.295  0.092  0.052 233 177 67
-0.295  0.093  0.052 233 178 67
-0.294  0.095  0.053 233 178 68
-0.294  0.096  0.053 234 180 68
-0.292  0.098  0.054 234 178 67
-0.291  0.099  0.055 234 179 69
-0.291  0.101  0.056 234 179 68
-0.290  0.102  0.056 234 178 69
-0.289  0.103  0.057 234 179 68
-0.289  0.105  0.057 234 178 71
-0.288  0.106  0.058 233 178 70
-0.289  0.108  0.058 232 177 70
-0.289  0.110  0.057 232 178 71
-0.289  0.111  0.057 233 178 69
-0.289  0.113  0.057 235 179 70
-0.289  0.114  0.057 234 179 71
-0.289  0.116  0.057 232 178 72
-0.289  0.117  0.057 231 176 74
-0.289  0.119  0.057 230 176 72
-0.289  0.120  0.057 229 176 79
-0.290  0.122  0.057 224 182 105
-0.295  0.072  0.049 205 157 101
-0.295  0.073  0.049 222 163 65
-0.296  0.075  0.049 228 173 67
-0.295  0.076  0.049 230 171 68
-0.296  0.078  0.049 233 178 70
-0.296  0.079  0.049 234 174 69
-0.296  0.081  0.049 233 177 73
-0.296  0.083  0.049 234 174 66
-0.295  0.084  0.050 236 176 67
-0.294  0.086  0.050 234 175 67
-0.294  0.087  0.051 234 178 67
-0.293  0.089  0.051 235 180 67
-0.293  0.090  0.052 236 177 66
-0.292  0.092  0.052 234 177 66
-0.292  0.093  0.053 234 178 67
-0.291  0.095  0.053 233 178 68
-0.290  0.096  0.054 234 179 69
-0.290  0.098  0.055 235 178 69
-0.289  0.099  0.055 235 182 69
-0.288  0.100  0.056 235 179 68
-0.287  0.102  0.057 235 179 69
-0.287  0.103  0.057 235 179 70
-0.287  0.105  0.057 234 177 71
-0.287  0.106  0.057 233 178 71
-0.287  0.108  0.057 232 177 69
-0.287  0.109  0.057 234 179 70
-0.288  0.111  0.057 235 179 70
-0.288  0.113  0.056 235 179 72
-0.288  0.114  0.056 234 181 72
-0.289  0.116  0.056 234 181 72
-0.288  0.117  0.056 235 178 72
-0.289  0.119  0.056 234 177 69
-0.288  0.120  0.056 231 176 69
-0.288  0.122  0.056 229 175 77
-0.288  0.124  0.057 227 182 104
-0.293  0.072  0.049 213 161 82
-0.293  0.073  0.049 230 173 66
-0.293  0.075  0.049 233 173 68
-0.293  0.076  0.049 233 175 67
-0.293  0.078  0.049 235 176 69
-0.293  0.079  0.049 234 175 69
-0.293  0.081  0.049 234 175 69
-0.293  0.082  0.050 235 176 67
-0.292  0.084  0.050 237 179 68
-0.291  0.085  0.051 234 177 66
-0.291  0.087  0.051 234 181 68
-0.290  0.088  0.052 235 178 67
-0.289  0.090  0.053 235 176 67
-0.289  0.091  0.053 234 178 67
-0.289  0.093  0.053 235 179 67
-0.288  0.094  0.054 234 178 66
-0.287  0.096  0.055 234 176 68
-0.287  0.097  0.055 235 176 67
-0.286  0.099  0.056 235 179 70
-0.286  0.100  0.056 236 177 69
-0.285  0.102  0.057 235 178 69
-0.285  0.103  0.057 233 178 70
-0.284  0.105  0.057 232 176 69
-0.284  0.106  0.057 233 178 70
-0.285  0.108  0.057 234 179 68
-0.285  0.109  0.056 236 178 70
-0.286  0.111  0.056 235 178 71
-0.286  0.113  0.056 235 180 73
-0.287  0.114  0.055 235 181 72
-0.287  0.116  0.055 236 182 71
-0.287  0.117  0.055 236 180 71
-0.287  0.119  0.055 235 178 69
-0.287  0.120  0.055 234 178 69
-0.287  0.122  0.055 233 177 71
-0.287  0.124  0.056 234 178 79
-0.287  0.125  0.056 232 185 106
-0.291  0.067  0.049 200 123 105
-0.291  0.068  0.049 193 135 94
-0.291  0.070  0.049 202 143 85
-0.291  0.072  0.049 230 172 67
-0.291  0.073  0.049 234 174 65
-0.291  0.075  0.049 234 176 67
-0.291  0.076  0.049 236 176 69
-0.291  0.078  0.049 236 176 68
-0.290  0.079  0.050 233 177 68
-0.290  0.081  0.050 232 175 65
-0.290  0.082  0.050 235 178 66
-0.289  0.084  0.051 235 176 67
-0.288  0.085  0.052 235 176 65
-0.288  0.087  0.052 233 177 67
-0.287  0.088  0.053 234 176 67
-0.286  0.090  0.053 234 175 66
-0.286  0.091  0.054 236 177 66
-0.286  0.093  0.054 235 177 65
-0.285  0.094  0.054 234 176 65
-0.285  0.096  0.055 234 178 69
-0.284  0.097  0.055 235 177 69
-0.284  0.099  0.056 236 181 69
-0.283  0.100  0.056 237 178 67
-0.283  0.101  0.057 233 177 69
-0.283  0.103  0.057 232 174 69
-0.282  0.104  0.057 231 172 68
-0.282  0.106  0.057 234 179 69
-0.283  0.108  0.056 234 179 67
-0.283  0.109  0.056 236 178 71
-0.284  0.111  0.055 235 177 72
-0.285  0.112  0.055 235 178 73
-0.285  0.114  0.055 235 179 72
-0.286  0.116  0.054 236 181 70
-0.286  0.117  0.054 235 181 71
-0.286  0.119  0.054 235 180 71
-0.286  0.121  0.054 235 178 70
-0.286  0.122  0.054 234 179 71
-0.286  0.124  0.054 237 179 72
-0.286  0.125  0.055 237 181 82
-0.286  0.127  0.055 232 186 111
-0.289  0.067  0.048 188 146 111
-0.289  0.068  0.048 180 138 91
-0.289  0.070  0.048 217 160 68
-0.289  0.071  0.049 234 177 68
-0.289  0.073  0.049 234 172 67
-0.289  0.075  0.049 234 180 69
-0.288  0.076  0.049 234 176 69
-0.288  0.078  0.049 233 177 68
-0.288  0.079  0.050 233 176 65
-0.288  0.081  0.050 233 180 67
-0.287  0.082  0.050 234 177 66
-0.286  0.084  0.051 233 175 65
-0.285  0.085  0.052 233 176 63
-0.285  0.087  0.052 234 174 65
-0.284  0.088  0.053 234 180 67
-0.284  0.090  0.053 233 178 67
-0.283  0.091  0.054 235 179 65
-0.282  0.092  0.055 235 176 65
-0.282  0.094  0.055 234 178 67
-0.282  0.095  0.055 232 179 69
-0.281  0.097  0.056 234 176 70
-0.281  0.098  0.056 235 181 68
-0.281  0.100  0.056 236 176 66
-0.280  0.101  0.057 233 177 68
-0.280  0.103  0.057 232 177 69
-0.280  0.104  0.057 232 175 68
-0.281  0.106  0.056 236 177 68
-0.281  0.107  0.056 234 179 70
-0.282  0.109  0.055 233 178 71
-0.283  0.111  0.055 234 177 73
-0.283  0.112  0.055 234 177 70
-0.284  0.114  0.054 234 181 71
-0.285  0.116  0.053 235 181 71
-0.284  0.117  0.054 235 180 70
-0.284  0.119  0.053 235 181 71
-0.285  0.121  0.053 235 179 70
-0.285  0.122  0.053 235 177 69
-0.284  0.124  0.054 238 179 70
-0.285  0.125  0.053 238 179 73
-0.285  0.127  0.054 238 182 85
-0.287  0.068  0.048 198 143 87
-0.286  0.070  0.049 227 170 63
-0.287  0.071  0.048 235 179 68
-0.287  0.073  0.049 236 176 68
-0.286  0.074  0.049 233 176 67
-0.286  0.076  0.049 233 178 69
-0.286  0.078  0.049 231 173 67
-0.285  0.079  0.050 233 178 67
-0.285  0.081  0.050 235 177 66
-0.284  0.082  0.051 234 178 65
-0.283  0.083  0.052 235 175 63
-0.283  0.085  0.052 234 177 65
-0.282  0.086  0.053 235 176 67
-0.282  0.088  0.053 235 180 68
-0.281  0.089  0.054 236 176 65
-0.280  0.091  0.054 237 182 65
-0.280  0.092  0.055 238 178 63
-0.279  0.094  0.056 235 176 66
-0.279  0.095  0.056 233 178 68
-0.279  0.097  0.056 233 178 69
-0.279  0.098  0.056 234 177 67
-0.278  0.100  0.056 235 175 65
-0.278  0.101  0.057 233 177 68
-0.278  0.103  0.056 234 179 68
-0.278  0.104  0.056 234 177 66
-0.279  0.106  0.056 237 176 67
-0.280  0.107  0.055 235 177 70
-0.280  0.109  0.055 234 179 70
-0.281  0.111  0.054 233 177 70
-0.282  0.112  0.054 234 178 70
-0.282  0.114  0.053 233 181 71
-0.283  0.116  0.052 234 181 71
-0.283  0.117  0.053 235 180 69
-0.283  0.119  0.052 236 181 70
-0.284  0.121  0.052 236 181 69
-0.284  0.122  0.052 236 179 70
-0.283  0.124  0.053 238 179 69
-0.284  0.125  0.052 238 179 69
-0.283  0.127  0.053 239 180 74
-0.283  0.128  0.053 235 190 102
-0.284  0.068  0.049 213 162 86
-0.284  0.070  0.049 232 175 64
-0.284  0.071  0.049 237 177 65
-0.284  0.073  0.049 235 177 68
-0.284  0.074  0.049 235 178 67
-0.283  0.076  0.050 235 178 69
-0.283  0.077  0.050 233 177 69
-0.282  0.079  0.050 235 176 66
-0.281  0.080  0.051 234 175 65
-0.281  0.082  0.051 236 178 63
-0.280  0.083  0.052 234 177 63
-0.280  0.085  0.053 234 176 65
-0.279  0.086  0.053 237 176 67
-0.279  0.088  0.054 236 177 68
-0.278  0.089  0.054 238 173 64
-0.278  0.091  0.055 237 181 63
-0.277  0.092  0.055 236 181 64
-0.276  0.093  0.056 235 178 64
-0.276  0.095  0.056 234 177 65
-0.276  0.096  0.056 236 177 68
-0.276  0.098  0.056 235 176 68
-0.276  0.099  0.056 234 177 66
-0.276  0.101  0.056 234 178 68
-0.277  0.103  0.056 235 180 68
-0.277  0.104  0.056 236 178 66
-0.277  0.106  0.055 239 179 68
-0.278  0.107  0.055 236 178 69
-0.278  0.109  0.055 236 180 70
-0.279  0.111  0.054 234 177 68
-0.280  0.112  0.053 235 179 70
-0.280  0.114  0.053 234 182 71
-0.282  0.116  0.052 233 182 71
-0.282  0.117  0.052 234 180 68
-0.282  0.119  0.052 238 181 70
-0.282  0.120  0.051 238 181 71
-0.282  0.122  0.051 237 181 70
-0.282  0.123  0.052 238 179 68
-0.282  0.125  0.052 238 179 67
-0.282  0.127  0.052 239 179 69
-0.281  0.128  0.053 239 186 86
-0.282  0.068  0.048 219 164 88
-0.282  0.070  0.049 235 177 65
-0.282  0.071  0.049 237 179 66
-0.282  0.073  0.049 237 178 65
-0.281  0.074  0.050 238 175 66
-0.280  0.076  0.050 235 173 66
-0.280  0.077  0.050 235 179 69
-0.279  0.079  0.051 236 174 66
-0.279  0.080  0.051 233 174 68
-0.279  0.082  0.052 234 176 65
-0.278  0.083  0.053 235 177 65
-0.277  0.085  0.053 233 176 65
-0.277  0.086  0.053 235 179 70
-0.276  0.088  0.054 236 177 69
-0.276  0.089  0.054 236 176 66
-0.275  0.090  0.055 236 176 65
-0.275  0.092  0.055 235 178 66
-0.274  0.093  0.056 236 178 66
-0.274  0.095  0.056 234 177 67
-0.274  0.096  0.056 234 180 70
-0.275  0.098  0.056 236 178 67
-0.275  0.099  0.055 233 178 67
-0.275  0.101  0.055 234 176 69
-0.276  0.103  0.055 236 181 71
-0.275  0.104  0.055 238 178 68
-0.276  0.106  0.054 238 182 71
-0.276  0.107  0.054 235 182 70
-0.276  0.109  0.054 236 178 68
-0.277  0.110  0.054 237 176 67
-0.278  0.112  0.053 236 179 69
-0.278  0.114  0.053 234 179 69
-0.280  0.116  0.051 234 180 69
-0.280  0.117  0.051 234 180 70
-0.280  0.119  0.051 237 179 70
-0.281  0.120  0.051 236 179 69
-0.281  0.122  0.051 236 180 69
-0.280  0.123  0.051 237 179 68
-0.281  0.125  0.051 238 180 68
-0.280  0.126  0.051 238 179 70
-0.279  0.128  0.052 241 182 78
-0.279  0.129  0.053 234 187 106
-0.280  0.068  0.048 221 163 86
-0.280  0.070  0.048 234 177 67
-0.279  0.071  0.049 236 178 64
-0.279  0.073  0.049 237 174 62
-0.278  0.074  0.050 238 176 65
-0.278  0.076  0.050 235 176 66
-0.277  0.077  0.051 236 177 67
-0.277  0.079  0.051 236 177 69
-0.276  0.080  0.052 234 176 66
-0.276  0.082  0.052 236 175 65
-0.275  0.083  0.053 235 176 66
-0.275  0.084  0.053 234 177 66
-0.274  0.086  0.054 234 177 69
-0.274  0.087  0.054 235 178 68
-0.273  0.089  0.055 237 178 67
-0.272  0.090  0.055 235 179 68
-0.272  0.092  0.056 235 176 65
-0.272  0.093  0.056 235 177 65
-0.272  0.095  0.056 233 177 65
-0.272  0.096  0.056 236 179 70
-0.272  0.098  0.055 236 177 68
-0.273  0.099  0.055 234 177 68
-0.273  0.101  0.055 235 175 66
-0.274  0.102  0.054 235 179 69
-0.274  0.104  0.054 236 182 70
-0.274  0.106  0.054 236 181 70
-0.275  0.107  0.054 236 180 68
-0.275  0.109  0.054 237 179 67
-0.275  0.110  0.053 237 178 68
-0.276  0.112  0.053 236 179 69
-0.276  0.114  0.052 236 179 70
-0.278  0.115  0.051 236 180 70
-0.279  0.117  0.050 235 181 70
-0.279  0.119  0.050 237 182 69
-0.279  0.120  0.050 236 181 68
-0.280  0.122  0.050 235 180 69
-0.279  0.123  0.050 237 181 70
-0.279  0.125  0.050 238 179 68
-0.279  0.126  0.051 237 179 69
-0.278  0.128  0.051 242 182 74
-0.277  0.129  0.052 238 186 95
-0.278  0.068  0.047 224 161 80
-0.278  0.070  0.048 232 176 69
-0.278  0.071  0.048 233 171 63
-0.277  0.073  0.049 236 175 63
-0.276  0.074  0.050 238 176 66
-0.275  0.076  0.050 237 179 64
-0.274  0.077  0.051 239 179 67
-0.274  0.079  0.052 237 175 66
-0.273  0.080  0.052 234 178 66
-0.273  0.081  0.053 236 175 65
-0.272  0.083  0.054 235 177 66
-0.272  0.084  0.054 236 177 65
-0.271  0.086  0.054 235 177 69
-0.271  0.087  0.055 234 175 66
-0.270  0.089  0.055 235 178 67
-0.270  0.090  0.056 236 179 66
-0.270  0.092  0.056 237 176 65
-0.269  0.093  0.056 235 176 65
-0.270  0.094  0.056 234 177 67
-0.270  0.096  0.056 234 178 70
-0.270  0.098  0.055 235 179 71
-0.271  0.099  0.055 232 177 68
-0.271  0.101  0.055 234 177 65
-0.272  0.102  0.054 236 179 68
-0.272  0.104  0.054 236 177 67
-0.273  0.106  0.053 237 176 67
-0.273  0.107  0.053 238 179 69
-0.273  0.109  0.053 238 180 68
-0.274  0.110  0.052 237 180 71
-0.274  0.112  0.052 238 178 70
-0.275  0.113  0.052 238 177 69
-0.276  0.115  0.050 235 181 69
-0.277  0.117  0.050 236 180 67
-0.277  0.119  0.050 236 183 69
-0.277  0.120  0.050 236 182 69
-0.278  0.122  0.049 236 182 68
-0.277  0.123  0.050 237 182 70
-0.278  0.125  0.049 238 179 68
-0.277  0.126  0.050 237 180 71
-0.276  0.128  0.051 242 182 74
-0.275  0.129  0.052 240 185 95
-0.277  0.068  0.047 218 162 81
-0.277  0.070  0.047 230 171 64
-0.276  0.071  0.048 234 174 66
-0.275  0.073  0.048 238 171 63
-0.274  0.074  0.050 241 177 65
-0.273  0.076  0.050 237 180 66
-0.272  0.077  0.051 237 177 65
-0.272  0.078  0.052 238 176 64
-0.271  0.080  0.053 235 178 65
-0.270  0.081  0.053 236 177 65
-0.269  0.083  0.054 238 179 61
-0.269  0.084  0.054 236 178 66
-0.269  0.086  0.054 233 177 67
-0.268  0.087  0.055 234 179 68
-0.268  0.088  0.055 236 177 65
-0.267  0.090  0.056 237 181 66
-0.268  0.091  0.056 238 178 64
-0.267  0.093  0.056 237 178 64
-0.267  0.094  0.056 237 177 67
-0.267  0.096  0.056 235 177 65
-0.268  0.097  0.055 237 178 65
-0.268  0.099  0.055 235 179 67
-0.269  0.101  0.054 235 176 69
-0.270  0.102  0.054 236 182 71
-0.270  0.104  0.053 235 178 67
-0.271  0.105  0.052 236 178 67
-0.272  0.107  0.052 237 178 68
-0.272  0.109  0.052 237 178 68
-0.272  0.110  0.052 236 179 69
-0.273  0.112  0.051 236 178 68
-0.274  0.114  0.051 238 178 70
-0.275  0.115  0.050 236 179 69
-0.275  0.117  0.049 237 180 67
-0.276  0.118  0.049 238 182 70
-0.276  0.120  0.049 238 182 68
-0.276  0.122  0.049 238 183 68
-0.275  0.123  0.049 237 181 67
-0.276  0.125  0.049 237 181 69
-0.275  0.126  0.049 238 179 71
-0.275  0.127  0.050 243 182 73
-0.274  0.129  0.051 240 187 93
-0.275  0.068  0.046 215 159 85
-0.275  0.070  0.046 229 169 60
-0.274  0.071  0.048 234 176 66
-0.274  0.073  0.048 238 170 61
-0.272  0.074  0.049 239 172 63
-0.271  0.076  0.050 240 176 64
-0.270  0.077  0.051 240 179 65
-0.269  0.078  0.052 239 178 63
-0.269  0.080  0.052 238 181 66
-0.268  0.081  0.053 237 179 65
-0.267  0.083  0.054 237 178 66
-0.266  0.084  0.055 236 181 67
-0.266  0.085  0.055 237 178 66
-0.266  0.087  0.055 237 180 68
-0.265  0.088  0.056 239 179 67
-0.265  0.090  0.056 239 177 64
-0.265  0.091  0.056 237 181 66
-0.265  0.093  0.056 237 178 66
-0.265  0.094  0.056 238 175 66
-0.265  0.096  0.056 235 178 66
-0.266  0.097  0.055 237 177 64
-0.267  0.099  0.055 238 180 68
-0.267  0.100  0.054 237 178 68
-0.268  0.102  0.054 237 178 68
-0.269  0.104  0.053 235 176 68
-0.269  0.105  0.052 236 180 67
-0.270  0.107  0.052 236 181 67
-0.271  0.109  0.051 238 181 68
-0.271  0.110  0.051 237 180 70
-0.272  0.112  0.050 236 180 70
-0.272  0.113  0.050 237 179 69
-0.273  0.115  0.049 236 180 69
-0.274  0.117  0.049 238 179 68
-0.274  0.118  0.048 238 180 68
-0.274  0.120  0.048 239 182 68
-0.274  0.122  0.048 238 183 70
-0.274  0.123  0.049 238 181 68
-0.274  0.125  0.048 237 180 69
-0.274  0.126  0.049 237 180 70
-0.273  0.127  0.049 242 183 73
-0.273  0.129  0.050 239 188 94
-0.274  0.068  0.045 211 156 89
-0.274  0.070  0.046 221 161 59
-0.272  0.071  0.047 231 173 69
-0.272  0.073  0.048 226 165 61
-0.270  0.074  0.049 233 170 62
-0.269  0.075  0.050 237 175 64
-0.268  0.077  0.051 239 178 65
-0.267  0.078  0.052 239 177 64
-0.266  0.080  0.053 238 178 64
-0.265  0.081  0.053 236 180 66
-0.264  0.082  0.054 238 178 68
-0.264  0.084  0.055 238 182 69
-0.264  0.085  0.055 240 180 65
-0.263  0.087  0.055 241 178 63
-0.263  0.088  0.056 239 180 68
-0.263  0.090  0.056 238 178 65
-0.263  0.091  0.056 236 179 66
-0.263  0.093  0.056 236 182 69
-0.264  0.094  0.055 238 178 66
-0.264  0.096  0.055 236 179 66
-0.264  0.097  0.055 237 179 67
-0.265  0.099  0.054 238 177 66
-0.266  0.100  0.053 239 177 66
-0.267  0.102  0.053 240 176 66
-0.267  0.104  0.053 238 179 68
-0.268  0.105  0.052 238 178 65
-0.268  0.107  0.051 237 181 69
-0.269  0.108  0.051 237 178 69
-0.270  0.110  0.050 236 177 70
-0.271  0.112  0.049 235 177 67
-0.271  0.113  0.049 236 179 68
-0.272  0.115  0.048 236 180 70
-0.273  0.117  0.048 238 180 71
-0.273  0.118  0.048 239 180 67
-0.273  0.120  0.047 238 182 70
-0.273  0.121  0.048 237 179 69
-0.272  0.123  0.048 238 178 68
-0.272  0.124  0.048 238 179 68
-0.272  0.126  0.048 237 180 70
-0.272  0.127  0.048 242 183 75
-0.272  0.129  0.049 238 186 97
-0.274  0.068  0.044 212 154 89
-0.273  0.070  0.044 212 151 65
-0.271  0.071  0.046 231 169 67
-0.270  0.073  0.047 227 168 68
-0.268  0.074  0.049 227 164 61
-0.267  0.075  0.050 234 177 68
-0.265  0.077  0.052 237 175 64
-0.264  0.078  0.053 240 175 65
-0.263  0.080  0.053 240 178 67
-0.263  0.081  0.054 238 179 66
-0.262  0.082  0.055 238 179 67
-0.262  0.084  0.055 239 180 66
-0.261  0.085  0.055 242 180 62
-0.261  0.087  0.055 241 179 63
-0.261  0.088  0.056 239 183 68
-0.261  0.090  0.055 238 180 64
-0.261  0.091  0.055 238 182 67
-0.262  0.093  0.055 237 180 66
-0.262  0.094  0.055 237 179 64
-0.262  0.096  0.055 235 179 64
-0.262  0.097  0.054 238 175 65
-0.263  0.099  0.054 236 179 66
-0.264  0.100  0.053 238 180 69
-0.264  0.102  0.053 237 178 66
-0.265  0.103  0.052 238 181 67
-0.266  0.105  0.052 238 179 67
-0.266  0.107  0.051 237 180 68
-0.267  0.108  0.050 237 178 68
-0.268  0.110  0.050 237 179 68
-0.269  0.112  0.049 236 180 67
-0.270  0.113  0.048 237 181 67
-0.270  0.115  0.047 239 182 67
-0.271  0.117  0.047 238 183 68
-0.272  0.118  0.047 238 182 69
-0.272  0.120  0.046 239 181 67
-0.271  0.121  0.047 238 179 68
-0.271  0.123  0.047 238 178 68
-0.271  0.124  0.047 238 179 67
-0.271  0.126  0.047 240 181 70
-0.271  0.127  0.047 247 188 79
-0.271  0.129  0.047 239 184 97
-0.274  0.068  0.041 209 154 87
-0.273  0.070  0.042 205 149 70
-0.271  0.071  0.044 222 159 56
-0.270  0.073  0.045 231 173 68
-0.267  0.074  0.048 231 169 65
-0.265  0.075  0.050 233 170 64
-0.263  0.077  0.051 238 178 64
-0.262  0.078  0.053 237 179 64
-0.261  0.079  0.054 236 178 64
-0.260  0.081  0.054 238 182 69
-0.259  0.082  0.055 238 175 66
-0.260  0.084  0.055 241 178 65
-0.259  0.085  0.055 239 181 65
-0.259  0.087  0.055 240 180 63
-0.259  0.088  0.056 239 180 66
-0.259  0.089  0.055 239 179 63
-0.260  0.091  0.055 239 182 65
-0.260  0.092  0.055 240 180 63
-0.260  0.094  0.055 237 178 65
-0.260  0.095  0.054 234 180 68
-0.261  0.097  0.054 236 179 67
-0.261  0.099  0.053 236 179 64
-0.262  0.100  0.053 236 179 67
-0.263  0.102  0.052 235 177 69
-0.263  0.103  0.052 237 179 67
-0.264  0.105  0.052 238 177 66
-0.264  0.106  0.051 238 181 65
-0.265  0.108  0.050 237 179 67
-0.266  0.110  0.050 235 180 68
-0.267  0.112  0.048 237 180 68
-0.269  0.114  0.047 237 182 70
-0.269  0.115  0.046 238 181 67
-0.270  0.117  0.046 239 180 67
-0.270  0.118  0.046 238 183 71
-0.270  0.120  0.046 239 181 69
-0.270  0.121  0.046 240 179 67
-0.270  0.123  0.046 239 180 67
-0.270  0.124  0.046 237 179 68
-0.270  0.126  0.046 244 183 74
-0.270  0.128  0.046 245 188 86
-0.270  0.129  0.046 237 185 103
-0.275  0.065  0.038 173 172 139
-0.275  0.067  0.039 162 147 117
-0.274  0.068  0.039 192 143 81
-0.273  0.070  0.040 202 147 76
-0.270  0.071  0.043 211 147 58
-0.269  0.073  0.044 225 163 57
-0.266  0.074  0.047 234 174 68
-0.263  0.075  0.049 233 173 67
-0.261  0.077  0.051 236 175 63
-0.260  0.078  0.053 238 178 66
-0.259  0.079  0.054 239 174 65
-0.258  0.081  0.054 239 177 64
-0.257  0.082  0.055 238 179 66
-0.257  0.084  0.055 243 181 64
-0.257  0.085  0.056 240 180 64
-0.257  0.086  0.055 240 179 67
-0.257  0.088  0.055 240 176 64
-0.257  0.089  0.055 239 179 66
-0.258  0.091  0.055 238 181 64
-0.258  0.092  0.055 237 178 64
-0.258  0.094  0.054 237 178 65
-0.259  0.095  0.054 237 180 69
-0.259  0.097  0.054 237 177 68
-0.259  0.098  0.053 238 180 65
-0.260  0.100  0.053 238 179 67
-0.260  0.101  0.053 238 176 66
-0.261  0.103  0.052 239 180 66
-0.262  0.105  0.051 236 181 66
-0.262  0.106  0.051 237 181 63
-0.264  0.108  0.050 237 181 66
-0.264  0.110  0.049 236 180 65
-0.266  0.112  0.048 237 179 67
-0.268  0.113  0.046 240 183 68
-0.268  0.115  0.046 237 182 67
-0.268  0.117  0.045 239 180 69
-0.269  0.118  0.045 239 179 68
-0.269  0.120  0.045 239 181 70
-0.268  0.121  0.045 239 180 69
-0.269  0.123  0.045 238 179 70
-0.269  0.124  0.045 239 180 74
-0.269  0.126  0.045 251 191 87
-0.269  0.128  0.045 241 186 95
-0.269  0.129  0.045 231 186 119
-0.276  0.065  0.035 172 139 115
-0.275  0.067  0.036 156 100 68
-0.274  0.068  0.037 190 138 78
-0.273  0.070  0.038 201 145 77
-0.270  0.071  0.041 202 146 66
-0.269  0.073  0.042 210 150 57
-0.266  0.074  0.045 225 165 59
-0.262  0.075  0.048 233 176 69
-0.260  0.077  0.050 236 174 68
-0.258  0.078  0.052 239 180 68
-0.257  0.079  0.053 239 175 67
-0.256  0.081  0.054 240 180 68
-0.255  0.082  0.055 239 179 65
-0.255  0.083  0.055 238 174 63
-0.255  0.085  0.055 240 181 66
-0.255  0.086  0.055 240 177 65
-0.255  0.088  0.055 240 180 65
-0.256  0.089  0.055 238 179 63
-0.255  0.091  0.055 240 180 63
-0.256  0.092  0.054 238 179 67
-0.256  0.094  0.054 237 178 66
-0.257  0.095  0.054 238 180 65
-0.257  0.097  0.053 237 178 66
-0.258  0.098  0.053 237 177 65
-0.258  0.100  0.052 238 180 68
-0.259  0.101  0.052 238 178 66
-0.259  0.103  0.052 237 177 64
-0.260  0.105  0.051 235 179 65
-0.260  0.106  0.051 239 182 66
-0.262  0.108  0.049 238 180 67
-0.262  0.110  0.049 237 180 68
-0.264  0.111  0.047 239 179 65
-0.266  0.113  0.045 240 180 66
-0.267  0.115  0.045 236 182 68
-0.267  0.117  0.044 237 180 67
-0.267  0.118  0.044 237 181 70
-0.267  0.120  0.044 237 181 71
-0.267  0.121  0.045 239 181 69
-0.267  0.123  0.044 240 182 72
-0.268  0.124  0.044 251 190 87
-0.268  0.126  0.044 249 200 102
-0.269  0.128  0.043 233 179 102
-0.276  0.066  0.033 172 136 111
-0.275  0.067  0.034 153 106 71
-0.275  0.069  0.034 182 128 77
-0.273  0.070  0.036 198 147 80
-0.271  0.071  0.038 200 140 67
-0.269  0.073  0.040 201 138 56
-0.266  0.074  0.043 209 150 53
-0.261  0.075  0.047 222 164 60
-0.259  0.077  0.049 235 176 64
-0.256  0.078  0.052 238 175 66
-0.255  0.079  0.053 238 181 69
-0.254  0.081  0.054 239 177 64
-0.253  0.082  0.055 240 176 64
-0.254  0.083  0.054 237 177 63
-0.253  0.085  0.055 242 176 66
-0.253  0.086  0.055 237 177 65
-0.253  0.088  0.055 239 180 66
-0.254  0.089  0.054 239 176 65
-0.254  0.091  0.054 238 177 62
-0.254  0.092  0.054 239 179 64
-0.255  0.094  0.054 239 178 64
-0.255  0.095  0.053 240 181 65
-0.256  0.097  0.053 239 179 65
-0.256  0.098  0.052 238 176 65
-0.257  0.100  0.052 239 173 64
-0.257  0.101  0.052 238 178 64
-0.257  0.103  0.051 240 180 65
-0.258  0.104  0.051 240 180 66
-0.258  0.106  0.050 240 178 65
-0.260  0.108  0.049 240 178 65
-0.261  0.109  0.048 239 180 68
-0.263  0.111  0.046 241 182 67
-0.264  0.113  0.045 241 180 66
-0.265  0.115  0.044 239 181 67
-0.265  0.117  0.044 237 179 66
-0.266  0.118  0.043 238 184 69
-0.266  0.120  0.043 238 180 68
-0.266  0.121  0.044 239 180 72
-0.266  0.123  0.043 251 191 88
-0.267  0.125  0.043 249 208 103
-0.268  0.126  0.042 234 182 91
-0.269  0.128  0.041 222 172 103
-0.277  0.066  0.030 167 127 107
-0.276  0.067  0.031 149 107 76
-0.275  0.069  0.032 162 118 77
-0.273  0.070  0.033 194 148 78
-0.271  0.072  0.036 196 143 68
-0.269  0.073  0.037 196 136 62
-0.265  0.074  0.041 200 137 52
-0.261  0.075  0.046 207 148 50
-0.258  0.077  0.048 220 163 57
-0.255  0.078  0.051 232 172 63
-0.254  0.079  0.052 236 175 68
-0.253  0.081  0.053 240 180 70
-0.252  0.082  0.054 239 179 68
-0.252  0.083  0.054 236 176 65
-0.252  0.085  0.054 240 176 66
-0.252  0.086  0.055 239 177 66
-0.252  0.088  0.055 238 180 67
-0.252  0.089  0.054 238 179 67
-0.252  0.091  0.054 238 179 66
-0.253  0.092  0.054 238 178 64
-0.253  0.094  0.053 240 177 62
-0.254  0.095  0.053 240 179 64
-0.254  0.097  0.053 239 178 66
-0.255  0.098  0.052 237 177 63
-0.255  0.100  0.052 238 176 65
-0.255  0.101  0.051 238 173 64
-0.256  0.103  0.051 238 177 67
-0.256  0.104  0.051 239 178 63
-0.257  0.106  0.050 241 182 66
-0.258  0.108  0.049 241 178 67
-0.259  0.109  0.048 240 182 68
-0.261  0.111  0.046 239 178 66
-0.263  0.113  0.044 240 180 67
-0.264  0.115  0.044 240 177 66
-0.264  0.116  0.043 239 178 67
-0.265  0.118  0.042 238 179 70
-0.265  0.120  0.042 240 180 78
-0.265  0.121  0.042 252 196 90
-0.266  0.123  0.042 250 198 97
-0.267  0.125  0.041 233 179 80
-0.268  0.127  0.040 222 165 85
-0.269  0.128  0.039 217 172 114
-0.276  0.066  0.028 171 114 90
-0.276  0.067  0.029 151 109 81
-0.275  0.069  0.030 152 114 80
-0.273  0.070  0.031 179 132 79
-0.270  0.072  0.034 194 139 71
-0.268  0.073  0.036 192 135 64
-0.265  0.074  0.040 192 131 58
-0.261  0.075  0.044 196 134 53
-0.257  0.077  0.047 204 143 51
-0.254  0.078  0.050 214 156 53
-0.253  0.079  0.051 226 168 62
-0.251  0.081  0.053 236 173 66
-0.250  0.082  0.054 238 177 68
-0.250  0.083  0.054 239 173 65
-0.250  0.085  0.054 239 175 67
-0.250  0.086  0.054 238 174 64
-0.250  0.088  0.054 237 178 66
-0.250  0.089  0.054 238 177 67
-0.250  0.090  0.054 239 176 66
-0.251  0.092  0.053 237 179 64
-0.251  0.093  0.053 237 178 63
-0.252  0.095  0.053 237 178 64
-0.252  0.097  0.052 240 176 64
-0.253  0.098  0.052 237 176 65
-0.253  0.100  0.052 237 177 66
-0.253  0.101  0.051 239 177 63
-0.254  0.103  0.050 237 178 63
-0.255  0.104  0.050 238 178 62
-0.255  0.106  0.049 238 179 63
-0.257  0.108  0.048 239 181 66
-0.258  0.109  0.047 241 180 64
-0.259  0.111  0.045 240 180 68
-0.262  0.113  0.043 236 178 65
-0.262  0.115  0.043 236 178 65
-0.263  0.116  0.042 236 177 68
-0.264  0.118  0.042 245 180 79
-0.264  0.120  0.041 251 211 100
-0.264  0.121  0.041 246 189 98
-0.265  0.123  0.040 234 174 77
-0.266  0.125  0.039 222 166 78
-0.267  0.127  0.038 216 165 93
-0.269  0.129  0.037 218 181 122
-0.275  0.066  0.027 170 111 80
-0.275  0.067  0.027 150 115 86
-0.274  0.069  0.029 147 110 79
-0.273  0.070  0.030 165 131 86
-0.270  0.072  0.032 187 136 68
-0.268  0.073  0.035 193 134 65
-0.264  0.074  0.038 188 131 63
-0.260  0.076  0.042 190 132 58
-0.256  0.077  0.046 194 130 52
-0.254  0.078  0.048 201 138 47
-0.252  0.079  0.050 209 149 50
-0.250  0.081  0.052 220 160 58
-0.249  0.082  0.053 232 172 63
-0.249  0.083  0.053 235 178 66
-0.248  0.085  0.054 235 173 66
-0.248  0.086  0.054 224 167 63
-0.248  0.087  0.054 232 176 63
-0.249  0.089  0.054 240 176 68
-0.248  0.090  0.054 240 176 64
-0.249  0.092  0.053 237 176 62
-0.249  0.093  0.053 238 179 65
-0.250  0.095  0.053 238 177 66
-0.250  0.096  0.052 239 179 67
-0.251  0.098  0.052 241 177 65
-0.251  0.099  0.051 238 177 65
-0.252  0.101  0.051 237 173 64
-0.253  0.103  0.050 238 178 66
-0.253  0.104  0.049 238 179 64
-0.254  0.106  0.049 239 180 64
-0.255  0.108  0.047 239 180 66
-0.256  0.109  0.047 238 180 66
-0.258  0.111  0.045 235 178 66
-0.259  0.113  0.043 238 181 69
-0.260  0.115  0.042 244 178 71
-0.261  0.116  0.042 247 190 81
-0.262  0.118  0.041 239 187 90
-0.263  0.120  0.040 240 178 79
-0.263  0.121  0.040 229 167 75
-0.264  0.123  0.039 218 156 76
-0.266  0.125  0.037 214 159 83
-0.267  0.127  0.036 215 166 102
-0.268  0.129  0.035 220 183 129
-0.275  0.066  0.025 198 155 98
-0.274  0.067  0.026 154 120 96
-0.273  0.069  0.027 143 107 79
-0.272  0.070  0.028 161 120 88
-0.270  0.072  0.030 172 131 83
-0.268  0.073  0.032 186 136 66
-0.266  0.075  0.034 187 132 63
-0.262  0.076  0.038 189 131 58
-0.257  0.077  0.043 187 127 55
-0.254  0.078  0.046 190 127 51
-0.252  0.079  0.048 194 132 49
-0.251  0.081  0.049 203 138 45
-0.250  0.082  0.050 213 152 55
-0.249  0.083  0.051 219 164 63
-0.248  0.085  0.052 228 174 67
-0.247  0.086  0.053 229 169 67
-0.247  0.087  0.053 234 179 67
-0.247  0.089  0.054 238 179 69
-0.247  0.090  0.054 237 176 66
-0.246  0.092  0.054 239 176 62
-0.247  0.093  0.053 240 178 66
-0.247  0.095  0.053 239 172 67
-0.248  0.096  0.052 239 175 69
-0.249  0.098  0.051 236 173 67
-0.250  0.099  0.051 236 177 69
-0.250  0.101  0.050 235 177 68
-0.251  0.103  0.049 236 175 67
-0.253  0.104  0.048 239 178 67
-0.253  0.106  0.047 239 180 67
-0.254  0.108  0.046 242 181 70
-0.255  0.109  0.046 242 180 69
-0.257  0.111  0.044 239 180 70
-0.258  0.113  0.043 238 185 74
-0.258  0.114  0.042 237 180 75
-0.259  0.116  0.042 235 172 71
-0.261  0.118  0.040 226 165 72
-0.262  0.120  0.039 220 159 75
-0.263  0.122  0.038 214 154 74
-0.264  0.123  0.037 210 153 77
-0.266  0.126  0.035 212 160 86
-0.268  0.128  0.034 208 168 111
-0.273  0.067  0.025 187 152 124
-0.272  0.069  0.026 157 109 84
-0.272  0.070  0.026 152 114 83
-0.270  0.072  0.028 164 119 90
-0.268  0.073  0.030 176 122 71
-0.266  0.075  0.032 185 133 63
-0.261  0.076  0.037 185 132 60
-0.258  0.077  0.040 187 129 55
-0.255  0.078  0.043 188 128 51
-0.253  0.080  0.045 188 127 50
-0.251  0.081  0.047 190 130 49
-0.250  0.082  0.048 193 133 48
-0.249  0.083  0.049 201 135 47
-0.247  0.085  0.051 208 145 51
-0.246  0.086  0.052 213 154 58
-0.245  0.087  0.053 218 163 62
-0.245  0.089  0.053 227 171 64
-0.245  0.090  0.053 232 176 67
-0.245  0.092  0.053 234 175 65
-0.247  0.093  0.052 235 176 67
-0.247  0.095  0.051 236 177 68
-0.248  0.096  0.050 236 174 68
-0.248  0.098  0.050 232 172 72
-0.249  0.099  0.049 220 159 66
-0.250  0.101  0.049 225 165 66
-0.251  0.103  0.048 235 176 68
-0.251  0.104  0.047 240 181 72
-0.252  0.106  0.046 241 181 72
-0.253  0.108  0.045 242 181 74
-0.255  0.109  0.044 241 180 73
-0.256  0.111  0.043 231 178 74
-0.257  0.113  0.042 223 170 75
-0.258  0.115  0.041 220 162 70
-0.259  0.116  0.040 217 156 67
-0.259  0.118  0.040 213 151 67
-0.260  0.120  0.039 209 147 70
-0.262  0.122  0.037 209 151 73
-0.263  0.124  0.036 210 157 79
-0.266  0.126  0.033 208 160 93
-0.268  0.128  0.031 205 170 121
-0.273  0.067  0.023 194 168 137
-0.272  0.069  0.024 164 114 84
-0.272  0.070  0.024 152 107 80
-0.270  0.072  0.026 179 117 86
-0.268  0.073  0.027 190 112 77
-0.267  0.075  0.029 186 121 64
-0.263  0.076  0.033 187 128 58
-0.259  0.077  0.037 185 128 56
-0.256  0.079  0.040 187 126 51
-0.254  0.080  0.042 184 128 54
-0.252  0.081  0.044 184 123 53
-0.251  0.082  0.045 186 130 53
-0.248  0.084  0.048 189 128 47
-0.247  0.085  0.049 191 125 47
-0.246  0.086  0.050 195 128 46
-0.245  0.087  0.051 198 136 47
-0.245  0.089  0.052 206 140 49
-0.244  0.090  0.052 212 147 51
-0.245  0.092  0.051 216 151 51
-0.246  0.093  0.051 218 155 54
-0.246  0.095  0.050 219 161 57
-0.247  0.096  0.049 221 163 59
-0.248  0.098  0.048 221 163 62
-0.249  0.100  0.048 217 161 62
-0.249  0.101  0.047 219 165 65
-0.250  0.103  0.046 221 170 68
-0.251  0.104  0.045 220 167 66
-0.252  0.106  0.044 220 163 65
-0.253  0.108  0.043 220 161 65
-0.255  0.110  0.042 222 158 60
-0.256  0.111  0.041 218 157 66
-0.257  0.113  0.040 214 154 71
-0.257  0.115  0.039 210 149 69
-0.259  0.117  0.038 206 146 66
-0.259  0.118  0.038 205 149 68
-0.260  0.120  0.037 206 149 70
-0.262  0.122  0.034 208 154 76
-0.264  0.124  0.033 206 158 86
-0.266  0.126  0.031 198 159 108
-0.273  0.067  0.021 191 164 141
-0.272  0.069  0.022 187 125 84
-0.271  0.070  0.022 176 114 84
-0.270  0.072  0.024 191 116 82
-0.268  0.073  0.026 195 107 75
-0.267  0.075  0.027 194 105 71
-0.266  0.076  0.028 189 115 61
-0.264  0.078  0.030 184 127 57
-0.262  0.079  0.032 184 128 53
-0.260  0.080  0.034 183 125 51
-0.257  0.082  0.036 184 125 53
-0.256  0.083  0.038 188 130 56
-0.249  0.084  0.045 187 129 51
-0.247  0.085  0.047 184 126 50
-0.245  0.086  0.049 186 123 47
-0.244  0.088  0.050 184 125 46
-0.244  0.089  0.050 187 130 48
-0.244  0.090  0.050 192 129 46
-0.244  0.092  0.050 200 137 46
-0.246  0.093  0.049 198 135 48
-0.245  0.095  0.049 199 137 48
-0.247  0.097  0.047 202 142 51
-0.248  0.098  0.046 205 142 52
-0.248  0.100  0.046 203 145 54
-0.249  0.101  0.045 204 145 53
-0.249  0.103  0.045 208 145 55
-0.251  0.105  0.044 207 145 56
-0.251  0.106  0.043 205 145 58
-0.253  0.108  0.041 200 142 62
-0.255  0.110  0.040 205 147 60
-0.255  0.111  0.039 204 146 64
-0.257  0.113  0.038 205 141 66
-0.257  0.115  0.037 206 145 64
-0.258  0.117  0.037 205 146 70
-0.259  0.118  0.035 205 149 73
-0.260  0.120  0.034 205 150 74
-0.263  0.123  0.032 205 157 83
-0.264  0.124  0.031 192 157 101
-0.273  0.067  0.018 191 164 141
-0.272  0.069  0.019 194 131 93
-0.271  0.071  0.020 184 122 99
-0.270  0.072  0.021 195 115 83
-0.268  0.074  0.023 195 108 72
-0.267  0.075  0.025 194 103 69
-0.267  0.077  0.025 195 101 65
-0.265  0.078  0.027 188 109 57
-0.263  0.079  0.028 183 117 52
-0.260  0.081  0.031 183 129 54
-0.258  0.082  0.034 186 125 50
-0.256  0.083  0.036 187 123 53
-0.249  0.084  0.043 186 128 54
-0.247  0.085  0.045 186 126 51
-0.245  0.086  0.047 185 126 49
-0.245  0.088  0.047 185 125 50
-0.243  0.089  0.049 186 121 49
-0.244  0.091  0.048 186 129 51
-0.245  0.092  0.048 188 128 49
-0.246  0.094  0.046 191 127 49
-0.246  0.095  0.046 191 130 45
-0.247  0.097  0.045 191 130 49
-0.248  0.098  0.044 192 134 52
-0.248  0.100  0.044 192 132 53
-0.249  0.101  0.043 196 133 52
-0.249  0.103  0.043 199 136 56
-0.251  0.105  0.042 197 137 55
-0.251  0.106  0.041 198 137 60
-0.253  0.108  0.039 194 136 61
-0.254  0.110  0.038 199 144 62
-0.255  0.112  0.037 200 139 64
-0.257  0.114  0.035 201 145 69
-0.258  0.115  0.034 205 146 70
-0.257  0.117  0.035 203 147 73
-0.259  0.119  0.033 201 150 75
-0.261  0.121  0.031 198 152 83
-0.264  0.123  0.029 189 152 101
-0.265  0.125  0.028 177 165 130
-0.273  0.068  0.016 185 159 140
-0.272  0.069  0.017 195 133 97
-0.272  0.071  0.017 192 130 102
-0.270  0.072  0.019 197 114 82
-0.268  0.074  0.021 196 108 76
-0.267  0.075  0.022 198 101 69
-0.266  0.077  0.023 198 97 64
-0.265  0.078  0.025 193 95 61
-0.263  0.080  0.026 188 95 58
-0.261  0.081  0.029 177 111 56
-0.258  0.082  0.031 180 123 55
-0.255  0.083  0.034 185 130 57
-0.249  0.084  0.040 186 128 52
-0.247  0.085  0.043 186 128 51
-0.245  0.086  0.045 183 127 50
-0.244  0.088  0.046 185 122 46
-0.243  0.089  0.047 183 124 48
-0.244  0.091  0.046 184 125 49
-0.245  0.092  0.045 185 129 50
-0.246  0.094  0.044 188 127 50
-0.246  0.095  0.044 188 128 48
-0.247  0.097  0.043 192 132 51
-0.247  0.099  0.043 191 131 52
-0.248  0.100  0.042 190 134 53
-0.248  0.102  0.042 190 135 56
-0.249  0.103  0.041 191 134 55
-0.250  0.105  0.040 191 137 58
-0.251  0.107  0.039 195 139 63
-0.252  0.108  0.038 192 138 63
-0.254  0.110  0.036 198 145 66
-0.256  0.112  0.034 200 141 62
-0.261  0.115  0.029 200 142 68
-0.262  0.117  0.028 201 143 69
-0.260  0.118  0.030 199 150 77
-0.267  0.121  0.023 188 152 89
-0.268  0.123  0.022 174 147 104
-0.270  0.125  0.020 178 163 133
-0.271  0.127  0.019 161 170 150
-0.273  0.068  0.013 180 158 135
-0.273  0.069  0.014 191 141 107
-0.272  0.071  0.014 194 130 102
-0.271  0.072  0.016 199 113 83
-0.271  0.074  0.016 198 105 74
-0.270  0.075  0.017 198 101 67
-0.268  0.077  0.019 196 92 62
-0.266  0.078  0.021 192 92 60
-0.264  0.080  0.023 189 93 58
-0.262  0.081  0.025 184 93 60
-0.259  0.082  0.028 177 93 58
-0.257  0.084  0.031 174 107 52
-0.251  0.084  0.037 174 120 51
-0.248  0.086  0.040 179 129 55
-0.246  0.087  0.042 182 128 51
-0.245  0.088  0.043 184 125 48
-0.243  0.089  0.044 182 124 50
-0.245  0.091  0.043 184 123 45
-0.246  0.093  0.042 186 129 48
-0.247  0.094  0.041 186 127 46
-0.247  0.096  0.040 187 129 48
-0.248  0.097  0.040 189 131 50
-0.248  0.099  0.040 190 136 53
-0.248  0.100  0.040 190 134 51
-0.248  0.102  0.040 190 133 55
-0.249  0.103  0.039 192 136 58
-0.251  0.105  0.037 192 134 57
-0.251  0.107  0.037 194 136 59
-0.253  0.109  0.035 193 134 61
-0.255  0.111  0.033 198 144 67
-0.256  0.113  0.032 197 143 67
-0.259  0.115  0.029 195 147 75
-0.262  0.117  0.026 190 144 81
-0.264  0.119  0.024 162 138 92
-0.267  0.121  0.020 137 122 115
-0.269  0.123  0.019 132 128 132
-0.271  0.126  0.017 163 154 141
-0.271  0.127  0.016 150 154 149
-0.274  0.068  0.010 182 163 136
-0.274  0.069  0.011 187 141 109
-0.273  0.071  0.011 192 128 104
-0.272  0.072  0.012 196 115 87
-0.272  0.074  0.013 196 106 74
-0.270  0.076  0.014 194 102 72
-0.269  0.077  0.015 192 93 62
-0.268  0.079  0.017 189 93 62
-0.266  0.080  0.019 191 88 54
-0.263  0.081  0.022 189 89 58
-0.260  0.082  0.025 186 91 60
-0.257  0.084  0.028 183 91 61
-0.252  0.085  0.034 183 93 59
-0.249  0.086  0.037 176 102 55
-0.247  0.087  0.039 162 111 55
-0.246  0.088  0.040 168 122 59
-0.244  0.090  0.042 174 127 58
-0.244  0.091  0.042 179 129 52
-0.246  0.093  0.039 181 127 48
-0.247  0.094  0.039 184 129 47
-0.248  0.096  0.038 188 127 48
-0.248  0.097  0.038 185 130 49
-0.248  0.099  0.038 188 130 50
-0.248  0.101  0.038 188 132 51
-0.248  0.102  0.037 189 131 53
-0.249  0.104  0.037 189 133 56
-0.251  0.106  0.035 190 137 56
-0.251  0.107  0.034 191 138 61
-0.253  0.109  0.033 192 137 61
-0.255  0.111  0.031 192 151 80
-0.257  0.113  0.029 168 140 83
-0.261  0.115  0.025 141 129 93
-0.263  0.117  0.022 134 116 107
-0.263  0.119  0.022 119 116 116
-0.269  0.122  0.017 112 116 130
-0.270  0.124  0.016 120 120 132
-0.270  0.126  0.015 150 143 136
-0.272  0.128  0.013 168 154 138
-0.275  0.068  0.007 174 162 142
-0.275  0.069  0.007 184 139 108
-0.274  0.071  0.008 189 129 104
-0.273  0.073  0.009 193 113 85
-0.272  0.074  0.010 195 107 76
-0.271  0.076  0.011 192 101 73
-0.269  0.077  0.013 192 93 65
-0.268  0.079  0.014 190 91 63
-0.266  0.080  0.017 193 90 56
-0.263  0.081  0.019 195 89 56
-0.260  0.083  0.023 192 92 59
-0.257  0.084  0.026 193 94 61
-0.253  0.085  0.031 191 92 61
-0.250  0.086  0.034 169 92 64
-0.248  0.087  0.036 121 79 67
-0.246  0.089  0.037 111 78 72
-0.245  0.090  0.038 114 86 66
-0.246  0.092  0.038 120 100 63
-0.247  0.093  0.036 129 112 65
-0.248  0.095  0.035 139 116 64
-0.249  0.096  0.035 152 123 62
-0.249  0.098  0.034 160 127 63
-0.250  0.100  0.034 168 126 59
-0.250  0.101  0.034 171 132 64
-0.250  0.103  0.034 168 131 65
-0.250  0.104  0.034 159 130 67
-0.252  0.106  0.032 153 128 69
-0.252  0.108  0.031 150 125 74
-0.254  0.109  0.030 148 121 78
-0.256  0.111  0.028 125 103 92
-0.258  0.113  0.025 116 100 101
-0.262  0.116  0.022 106 110 110
-0.264  0.118  0.019 102 105 119
-0.265  0.120  0.018 101 112 124
-0.269  0.123  0.014 112 123 133
-0.270  0.124  0.012 119 129 139
-0.272  0.127  0.011 137 139 137
-0.272  0.128  0.011 184 160 141
-0.275  0.068  0.004 179 161 142
-0.275  0.069  0.005 181 142 109
-0.274  0.071  0.006 171 131 105
-0.273  0.073  0.006 186 113 86
-0.273  0.074  0.007 188 103 77
-0.272  0.076  0.008 190 103 75
-0.270  0.077  0.010 192 94 67
-0.268  0.079  0.012 191 93 66
-0.266  0.080  0.014 192 92 59
-0.264  0.082  0.017 193 89 58
-0.261  0.083  0.019 193 89 58
-0.258  0.084  0.023 176 100 62
-0.254  0.085  0.027 165 96 64
-0.252  0.087  0.029 144 80 63
-0.250  0.088  0.032 117 94 72
-0.250  0.089  0.032 119 87 71
-0.248  0.090  0.033 122 97 71
-0.248  0.092  0.033 105 89 73
-0.249  0.094  0.032 93 75 77
-0.249  0.095  0.032 86 71 78
-0.250  0.097  0.031 96 75 80
-0.250  0.098  0.031 114 82 78
-0.251  0.100  0.031 116 93 75
-0.251  0.101  0.031 131 94 77
-0.251  0.103  0.030 140 97 77
-0.251  0.105  0.030 129 91 79
-0.253  0.106  0.029 132 103 82
-0.253  0.108  0.028 124 111 88
-0.255  0.110  0.026 104 97 92
-0.258  0.112  0.023 109 96 97
-0.259  0.114  0.022 120 115 104
-0.262  0.116  0.019 101 101 110
-0.265  0.119  0.016 98 103 118
-0.265  0.120  0.015 102 112 125
-0.270  0.123  0.010 131 130 139
-0.272  0.125  0.008 126 136 148
-0.273  0.127  0.008 135 139 143
-0.276  0.068  0.001 179 164 141
-0.276  0.070  0.001 178 148 115
-0.275  0.071  0.002 154 134 110
-0.274  0.073  0.004 157 114 89
-0.272  0.074  0.005 178 111 81
-0.271  0.076  0.006 187 103 76
-0.269  0.077  0.008 188 100 69
-0.269  0.079  0.009 186 96 65
-0.267  0.080  0.011 188 94 60
-0.265  0.082  0.012 191 92 60
-0.264  0.083  0.014 190 96 61
-0.262  0.085  0.017 163 98 63
-0.260  0.086  0.019 151 100 66
-0.258  0.087  0.020 138 97 65
-0.256  0.089  0.022 134 100 69
-0.253  0.090  0.026 129 94 71
-0.252  0.091  0.027 129 89 66
-0.251  0.093  0.028 113 98 69
-0.250  0.094  0.029 111 87 76
-0.251  0.096  0.028 81 75 76
-0.251  0.097  0.028 72 73 83
-0.252  0.099  0.027 90 72 80
-0.252  0.100  0.027 95 87 82
-0.252  0.102  0.027 114 86 82
-0.252  0.103  0.027 124 89 77
-0.252  0.105  0.027 128 109 85
-0.253  0.107  0.026 129 111 86
-0.254  0.108  0.025 103 88 91
-0.255  0.110  0.024 110 94 92
-0.256  0.112  0.023 124 110 100
-0.258  0.114  0.021 108 102 102
-0.262  0.116  0.017 93 101 110
-0.264  0.119  0.014 98 105 119
-0.267  0.121  0.012 108 111 127
-0.270  0.124  0.008 124 128 141
-0.272  0.125  0.006 124 133 141
-0.272  0.127  0.006 133 140 145
-0.276  0.068 -0.002 175 159 139
-0.276  0.070 -0.001 174 148 119
-0.275  0.071 -0.000 146 138 115
-0.274  0.073  0.001 129 113 94
-0.273  0.075  0.002 132 104 86
-0.271  0.076  0.003 145 102 82
-0.270  0.078  0.005 171 103 69
-0.268  0.079  0.007 178 101 61
-0.267  0.081  0.009 179 99 58
-0.265  0.082  0.010 173 101 62
-0.263  0.083  0.013 171 100 63
-0.262  0.085  0.014 167 103 59
-0.262  0.086  0.014 156 103 63
-0.259  0.088  0.017 131 95 68
-0.259  0.089  0.018 120 89 65
-0.258  0.091  0.018 126 98 69
-0.257  0.092  0.019 122 91 70
-0.258  0.094  0.019 124 99 68
-0.259  0.096  0.017 124 95 71
-0.259  0.097  0.017 105 87 78
-0.261  0.099  0.015 83 70 77
-0.262  0.101  0.014 83 75 73
-0.262  0.102  0.014 118 83 76
-0.262  0.104  0.014 118 83 71
-0.262  0.106  0.014 122 106 71
-0.261  0.107  0.015 110 95 79
-0.261  0.109  0.015 103 86 83
-0.261  0.110  0.015 104 86 87
-0.260  0.112  0.016 121 113 96
-0.261  0.113  0.016 107 99 102
-0.261  0.115  0.015 95 97 104
-0.263  0.117  0.014 93 102 112
-0.265  0.119  0.011 96 104 119
-0.266  0.121  0.010 101 110 124
-0.270  0.124  0.006 110 118 130
-0.271  0.126  0.004 122 129 136
-0.272  0.128  0.003 134 141 146
-0.277  0.068 -0.005 173 156 141
-0.276  0.070 -0.004 172 147 116
-0.275  0.071 -0.003 148 139 113
-0.274  0.073 -0.002 127 116 96
-0.274  0.075 -0.001 116 107 89
-0.272  0.076  0.000 127 104 84
-0.270  0.078  0.002 164 117 73
-0.269  0.079  0.004 175 118 68
-0.267  0.081  0.006 178 116 64
-0.265  0.082  0.008 180 124 67
-0.264  0.084  0.009 182 123 66
-0.263  0.085  0.011 186 130 64
-0.262  0.087  0.012 184 134 64
-0.260  0.088  0.014 180 135 64
-0.260  0.090  0.014 176 132 67
-0.260  0.091  0.014 176 121 71
-0.260  0.093  0.013 149 103 68
-0.261  0.094  0.013 113 93 68
-0.262  0.096  0.012 95 93 72
-0.262  0.098  0.012 91 86 71
-0.263  0.100  0.011 81 66 64
-0.264  0.101  0.010 82 64 58
-0.264  0.103  0.010 106 66 56
-0.264  0.105  0.010 124 74 53
-0.263  0.106  0.010 146 96 61
-0.262  0.108  0.011 163 108 65
-0.262  0.109  0.011 167 117 72
-0.262  0.111  0.012 165 112 77
-0.262  0.112  0.012 129 106 84
-0.261  0.114  0.012 103 94 95
-0.262  0.115  0.012 97 98 103
-0.263  0.117  0.011 94 101 115
-0.265  0.120  0.008 94 104 118
-0.267  0.122  0.007 101 110 123
-0.270  0.124  0.003 110 119 129
-0.272  0.126  0.001 127 131 134
-0.273  0.128 -0.000 148 146 141
-0.277  0.068 -0.007 177 169 147
-0.277  0.070 -0.007 171 148 120
-0.276  0.072 -0.006 148 137 111
-0.275  0.073 -0.005 126 117 99
-0.274  0.075 -0.004 114 109 93
-0.273  0.076 -0.003 137 110 84
-0.271  0.078 -0.001 169 126 73
-0.269  0.079  0.001 175 126 70
-0.268  0.081  0.003 180 125 66
-0.266  0.082  0.005 190 133 66
-0.265  0.084  0.006 194 136 69
-0.263  0.085  0.008 195 135 64
-0.263  0.087  0.008 199 139 62
-0.262  0.088  0.009 201 144 64
-0.262  0.090  0.009 195 139 66
-0.262  0.092  0.009 198 147 74
-0.262  0.093  0.009 172 128 64
-0.263  0.095  0.008 134 95 54
-0.263  0.097  0.008 99 61 51
-0.265  0.099  0.006 83 62 52
-0.265  0.100  0.006 84 62 55
-0.265  0.102  0.006 108 65 43
-0.265  0.103  0.006 138 86 48
-0.264  0.105  0.007 166 113 57
-0.264  0.106  0.008 181 121 62
-0.263  0.108  0.008 194 131 63
-0.262  0.109  0.009 203 138 64
-0.262  0.111  0.010 205 144 72
-0.261  0.112  0.010 191 141 80
-0.262  0.114  0.009 159 120 93
-0.263  0.116  0.008 115 97 102
-0.266  0.118  0.005 99 102 112
-0.267  0.120  0.004 97 108 116
-0.270  0.123  0.001 103 114 124
-0.271  0.125 -0.001 115 122 130
-0.272  0.127 -0.001 135 135 138
-0.273  0.129 -0.003 170 154 144
-0.277  0.068 -0.010 177 171 145
-0.276  0.070 -0.009 169 155 124
-0.276  0.072 -0.009 147 138 109
-0.275  0.073 -0.008 125 119 103
-0.274  0.075 -0.006 116 116 97
-0.273  0.076 -0.005 148 117 86
-0.271  0.078 -0.003 170 124 73
-0.269  0.080 -0.002 178 128 68
-0.268  0.081 -0.000 182 132 66
-0.266  0.083  0.002 198 140 68
-0.265  0.084  0.003 201 148 75
-0.264  0.086  0.005 199 139 66
-0.263  0.087  0.006 207 150 68
-0.262  0.089  0.007 210 152 74
-0.262  0.090  0.006 204 143 66
-0.263  0.092  0.006 203 145 73
-0.263  0.094  0.006 187 132 61
-0.264  0.095  0.005 154 103 55
-0.265  0.097  0.004 116 61 47
-0.266  0.099  0.002 101 63 49
-0.266  0.101  0.002 119 69 51
-0.266  0.102  0.002 153 103 49
-0.266  0.104  0.003 175 114 55
-0.265  0.105  0.003 191 129 56
-0.264  0.107  0.004 203 136 60
-0.263  0.108  0.005 209 139 63
-0.263  0.110  0.006 214 147 64
-0.262  0.111  0.007 221 154 71
-0.262  0.113  0.007 221 157 80
-0.263  0.115  0.007 210 152 90
-0.263  0.116  0.006 142 130 103
-0.265  0.118  0.004 105 112 118
-0.267  0.121  0.002 105 114 125
-0.269  0.123 -0.001 110 120 137
-0.271  0.125 -0.003 121 135 146
-0.272  0.127 -0.004 151 165 156
-0.277  0.068 -0.012 179 168 144
-0.276  0.070 -0.012 169 151 121
-0.276  0.072 -0.011 146 141 113
-0.275  0.073 -0.010 125 124 107
-0.274  0.075 -0.009 116 119 101
-0.273  0.077 -0.008 150 121 88
-0.271  0.078 -0.006 174 129 72
-0.270  0.080 -0.004 181 130 66
-0.268  0.081 -0.003 184 132 65
-0.267  0.083 -0.001 196 147 72
-0.265  0.084  0.001 201 152 77
-0.264  0.086  0.002 201 141 66
-0.263  0.087  0.003 207 152 73
-0.263  0.089  0.003 209 151 76
-0.263  0.090  0.003 206 149 75
-0.263  0.092  0.003 214 157 94
-0.264  0.094  0.002 198 134 62
-0.265  0.096  0.002 151 106 61
-0.265  0.097  0.001 121 63 48
-0.266  0.099 -0.000 138 74 47
-0.267  0.101 -0.001 165 111 53
-0.267  0.103 -0.001 183 122 54
-0.267  0.104 -0.001 194 126 58
-0.266  0.106  0.000 203 135 55
-0.265  0.107  0.002 210 141 60
-0.264  0.109  0.003 216 142 63
-0.263  0.110  0.004 220 152 67
-0.262  0.112  0.004 224 157 72
-0.262  0.113  0.004 225 159 79
-0.262  0.115  0.004 226 163 93
-0.263  0.117  0.003 174 151 108
-0.265  0.119  0.002 123 136 128
-0.267  0.121 -0.000 116 143 137
-0.269  0.123 -0.003 136 162 158
-0.270  0.125 -0.005 135 175 179
-0.272  0.127 -0.006 150 171 175
-0.276  0.070 -0.014 169 152 122
-0.276  0.072 -0.014 143 139 117
-0.275  0.073 -0.013 124 126 109
-0.274  0.075 -0.012 111 119 104
-0.273  0.077 -0.010 147 121 89
-0.271  0.078 -0.008 174 135 73
-0.270  0.080 -0.007 181 130 66
-0.268  0.081 -0.005 185 134 64
-0.266  0.083 -0.003 192 139 66
-0.265  0.084 -0.001 197 141 67
-0.264  0.086 -0.000 199 142 66
-0.263  0.087  0.000 207 148 67
-0.263  0.089  0.001 207 145 70
-0.263  0.091  0.001 221 158 84
-0.263  0.092  0.001 212 167 106
-0.264  0.094 -0.000 197 133 63
-0.265  0.096 -0.001 137 100 62
-0.265  0.097 -0.001 124 71 52
-0.266  0.099 -0.002 165 110 50
-0.266  0.101 -0.002 185 122 51
-0.266  0.103 -0.002 195 131 57
-0.265  0.104 -0.001 204 135 57
-0.264  0.106 -0.000 207 139 59
-0.263  0.107  0.000 215 144 61
-0.263  0.109  0.001 219 147 64
-0.261  0.110  0.003 223 156 72
-0.261  0.112  0.003 234 167 86
-0.261  0.113  0.003 233 164 83
-0.262  0.115  0.003 233 168 94
-0.262  0.117  0.002 201 163 101
-0.264  0.119 -0.000 144 138 99
-0.266  0.121 -0.002 129 146 112
-0.268  0.123 -0.005 137 156 135
-0.270  0.125 -0.007 143 172 162
-0.272  0.128 -0.008 155 176 162
-0.277  0.070 -0.017 168 151 122
-0.276  0.072 -0.016 144 143 118
-0.275  0.074 -0.015 123 129 113
-0.274  0.075 -0.014 112 120 106
-0.272  0.077 -0.012 139 116 90
-0.271  0.078 -0.011 172 136 73
-0.270  0.080 -0.010 179 131 66
-0.268  0.081 -0.007 184 133 65
-0.266  0.083 -0.005 188 134 63
-0.265  0.084 -0.003 193 139 63
-0.263  0.086 -0.002 198 140 63
-0.262  0.087 -0.001 202 145 63
-0.262  0.089 -0.001 204 148 71
-0.262  0.091 -0.001 221 167 89
-0.263  0.092 -0.001 208 151 84
-0.263  0.094 -0.002 194 130 60
-0.264  0.096 -0.002 130 91 56
-0.264  0.098 -0.003 161 97 44
-0.264  0.099 -0.003 188 125 49
-0.265  0.101 -0.004 197 131 53
-0.265  0.103 -0.004 204 134 58
-0.264  0.104 -0.003 207 138 60
-0.263  0.106 -0.002 212 146 63
-0.262  0.107 -0.001 217 149 69
-0.261  0.109  0.000 220 149 69
-0.261  0.110  0.001 227 166 81
-0.261  0.112  0.001 228 172 95
-0.261  0.113  0.001 235 171 92
-0.261  0.115  0.001 232 176 106
-0.262  0.117  0.000 205 169 99
-0.263  0.119 -0.002 151 142 100
-0.265  0.121 -0.004 135 157 108
-0.267  0.123 -0.006 143 168 118
-0.269  0.126 -0.008 155 178 135
-0.271  0.128 -0.011 170 179 146
-0.277  0.070 -0.020 168 156 126
-0.276  0.072 -0.019 145 143 119
-0.275  0.074 -0.018 124 130 117
-0.274  0.075 -0.017 112 120 110
-0.272  0.077 -0.015 122 115 96
-0.271  0.078 -0.013 166 135 76
-0.270  0.080 -0.012 179 130 65
-0.267  0.082 -0.009 183 131 63
-0.265  0.083 -0.006 187 132 61
-0.264  0.084 -0.005 191 139 62
-0.263  0.086 -0.004 196 141 60
-0.262  0.088 -0.003 203 141 62
-0.262  0.089 -0.003 204 150 72
-0.262  0.091 -0.003 210 151 73
-0.262  0.092 -0.003 207 145 64
-0.263  0.094 -0.004 181 125 59
-0.263  0.096 -0.005 145 82 53
-0.264  0.098 -0.005 181 120 50
-0.264  0.099 -0.005 195 131 53
-0.264  0.101 -0.005 202 134 55
-0.264  0.103 -0.005 205 137 59
-0.263  0.104 -0.004 211 145 64
-0.262  0.106 -0.003 222 162 79
-0.261  0.107 -0.002 220 155 75
-0.261  0.109 -0.001 221 151 71
-0.260  0.110 -0.001 224 156 74
-0.260  0.112 -0.000 226 163 85
-0.260  0.114 -0.001 238 177 100
-0.260  0.115 -0.001 232 170 98
-0.261  0.117 -0.002 199 170 102
-0.263  0.119 -0.003 151 148 98
-0.264  0.121 -0.005 139 162 110
-0.266  0.123 -0.008 145 174 120
-0.268  0.126 -0.010 158 181 133
-0.271  0.128 -0.013 181 185 144
-0.277  0.070 -0.023 168 160 128
-0.276  0.072 -0.022 144 143 120
-0.275  0.074 -0.020 125 131 117
-0.273  0.075 -0.019 112 122 109
-0.272  0.077 -0.017 110 120 97
-0.270  0.079 -0.015 158 124 78
-0.269  0.080 -0.014 177 131 67
-0.267  0.082 -0.011 182 128 61
-0.265  0.083 -0.009 187 133 65
-0.263  0.085 -0.007 193 135 62
-0.262  0.086 -0.006 196 138 61
-0.261  0.088 -0.005 203 143 66
-0.261  0.089 -0.005 207 150 78
-0.261  0.091 -0.005 206 146 66
-0.261  0.093 -0.004 199 139 59
-0.262  0.094 -0.005 170 106 52
-0.262  0.096 -0.006 164 100 47
-0.262  0.098 -0.006 186 130 55
-0.263  0.099 -0.006 198 132 55
-0.263  0.101 -0.006 202 137 59
-0.263  0.103 -0.006 203 136 62
-0.262  0.104 -0.005 211 151 69
-0.261  0.106 -0.004 214 150 70
-0.261  0.107 -0.004 216 146 68
-0.260  0.109 -0.003 219 156 71
-0.259  0.110 -0.002 222 157 74
-0.260  0.112 -0.003 224 161 87
-0.260  0.114 -0.003 231 174 101
-0.260  0.115 -0.003 229 170 93
-0.261  0.117 -0.004 183 169 102
-0.262  0.119 -0.006 145 154 101
-0.264  0.121 -0.007 156 166 115
-0.266  0.124 -0.010 157 175 125
-0.267  0.126 -0.011 161 178 136
-0.277  0.070 -0.026 165 154 125
-0.276  0.072 -0.024 143 142 119
-0.275  0.074 -0.023 125 129 110
-0.273  0.075 -0.021 113 121 100
-0.272  0.077 -0.019 107 111 88
-0.270  0.079 -0.017 138 116 74
-0.269  0.080 -0.016 171 130 69
-0.266  0.082 -0.013 181 130 64
-0.264  0.083 -0.011 184 131 62
-0.263  0.085 -0.009 188 133 60
-0.262  0.086 -0.008 195 139 63
-0.261  0.088 -0.007 202 147 66
-0.261  0.089 -0.007 203 145 67
-0.261  0.091 -0.007 203 144 65
-0.261  0.093 -0.007 190 132 60
-0.261  0.094 -0.007 179 111 45
-0.262  0.096 -0.008 181 112 47
-0.262  0.098 -0.008 193 129 55
-0.261  0.099 -0.007 199 133 55
-0.261  0.101 -0.007 202 137 60
-0.262  0.103 -0.007 204 141 65
-0.261  0.104 -0.006 207 145 67
-0.260  0.106 -0.006 209 145 67
-0.259  0.107 -0.005 211 150 69
-0.259  0.109 -0.005 218 152 71
-0.259  0.111 -0.004 222 159 78
-0.259  0.112 -0.005 222 164 86
-0.260  0.114 -0.005 225 161 87
-0.260  0.116 -0.005 224 168 93
-0.261  0.118 -0.006 168 157 101
-0.262  0.120 -0.008 141 157 105
-0.263  0.122 -0.009 150 175 122
-0.266  0.124 -0.012 163 186 133
-0.267  0.126 -0.014 167 184 143
-0.278  0.071 -0.029 169 152 121
-0.277  0.072 -0.028 142 128 106
-0.275  0.074 -0.026 127 121 94
-0.273  0.076 -0.024 120 121 88
-0.271  0.077 -0.021 113 116 81
-0.269  0.079 -0.019 116 113 76
-0.268  0.080 -0.018 159 122 70
-0.266  0.082 -0.015 177 129 66
-0.264  0.083 -0.013 182 130 62
-0.262  0.085 -0.011 186 136 59
-0.262  0.086 -0.010 195 136 60
-0.261  0.088 -0.009 204 143 66
-0.261  0.090 -0.009 206 146 65
-0.261  0.091 -0.009 200 142 64
-0.261  0.093 -0.009 194 122 50
-0.261  0.095 -0.009 194 123 48
-0.261  0.096 -0.010 195 126 50
-0.261  0.098 -0.009 197 125 51
-0.260  0.099 -0.009 198 132 55
-0.260  0.101 -0.009 198 138 61
-0.260  0.103 -0.009 202 143 65
-0.260  0.104 -0.008 207 139 62
-0.259  0.106 -0.007 210 145 64
-0.259  0.107 -0.007 213 149 70
-0.259  0.109 -0.006 217 154 74
-0.259  0.111 -0.006 223 164 84
-0.259  0.112 -0.007 224 161 81
-0.260  0.114 -0.008 226 164 85
-0.260  0.116 -0.008 218 170 94
-0.261  0.118 -0.009 178 164 102
-0.262  0.120 -0.011 145 157 106
-0.264  0.122 -0.012 142 169 122
-0.266  0.124 -0.015 164 196 145
-0.268  0.127 -0.018 166 184 145
-0.278  0.071 -0.033 170 154 120
-0.277  0.072 -0.031 151 130 101
-0.275  0.074 -0.029 134 130 96
-0.272  0.076 -0.026 123 129 91
-0.271  0.077 -0.024 113 122 83
-0.269  0.079 -0.021 108 120 78
-0.268  0.080 -0.020 124 120 73
-0.265  0.082 -0.017 158 121 68
-0.263  0.083 -0.015 174 128 66
-0.262  0.085 -0.014 182 130 62
-0.261  0.086 -0.012 193 135 59
-0.261  0.088 -0.012 200 141 66
-0.261  0.090 -0.012 202 137 62
-0.261  0.091 -0.012 194 125 55
-0.261  0.093 -0.012 198 131 52
-0.261  0.095 -0.011 205 135 53
-0.260  0.096 -0.011 203 135 55
-0.260  0.098 -0.011 202 132 55
-0.260  0.100 -0.010 201 129 55
-0.259  0.101 -0.010 198 137 62
-0.259  0.103 -0.010 200 139 61
-0.258  0.104 -0.009 206 143 63
-0.258  0.106 -0.008 210 148 66
-0.258  0.108 -0.008 213 148 72
-0.258  0.109 -0.008 217 157 78
-0.258  0.111 -0.008 219 159 82
-0.259  0.113 -0.009 224 159 82
-0.260  0.115 -0.010 225 163 85
-0.260  0.116 -0.011 187 160 94
-0.261  0.118 -0.012 151 150 99
-0.262  0.120 -0.014 141 155 106
-0.264  0.122 -0.015 144 172 120
-0.266  0.125 -0.018 154 183 141
-0.269  0.127 -0.021 173 180 143
-0.279  0.071 -0.036 169 152 118
-0.279  0.073 -0.036 159 136 102
-0.276  0.074 -0.033 140 139 97
-0.273  0.076 -0.029 124 134 91
-0.271  0.077 -0.027 113 127 83
-0.269  0.079 -0.024 112 124 78
-0.267  0.080 -0.022 110 124 76
-0.265  0.082 -0.020 122 115 74
-0.263  0.083 -0.017 121 107 67
-0.262  0.085 -0.016 132 113 68
-0.261  0.087 -0.014 166 123 59
-0.260  0.088 -0.014 184 126 60
-0.260  0.090 -0.014 197 125 50
-0.260  0.092 -0.014 202 132 54
-0.260  0.093 -0.013 203 141 59
-0.260  0.095 -0.013 208 144 60
-0.260  0.096 -0.013 209 143 62
-0.259  0.098 -0.012 209 141 61
-0.259  0.100 -0.012 205 137 58
-0.258  0.101 -0.011 200 135 59
-0.258  0.103 -0.011 200 137 61
-0.257  0.104 -0.010 206 137 64
-0.257  0.106 -0.009 208 150 70
-0.257  0.108 -0.010 213 154 76
-0.257  0.109 -0.010 218 157 79
-0.258  0.111 -0.011 220 159 82
-0.259  0.113 -0.012 220 160 86
-0.260  0.115 -0.013 200 165 95
-0.261  0.117 -0.014 154 130 91
-0.262  0.119 -0.016 135 140 97
-0.263  0.121 -0.017 137 154 107
-0.265  0.123 -0.019 144 167 118
-0.267  0.125 -0.022 157 180 132
-0.270  0.128 -0.025 180 186 146
-0.282  0.071 -0.043 167 153 121
-0.280  0.073 -0.040 154 138 105
-0.278  0.074 -0.038 140 142 96
-0.274  0.076 -0.033 128 137 90
-0.272  0.078 -0.031 120 133 81
-0.269  0.079 -0.027 127 131 80
-0.267  0.081 -0.025 122 128 82
-0.265  0.082 -0.022 102 106 73
-0.263  0.084 -0.019 95 92 63
-0.262  0.085 -0.018 119 89 58
-0.260  0.087 -0.016 167 125 60
-0.260  0.088 -0.016 186 126 55
-0.260  0.090 -0.016 198 132 52
-0.260  0.092 -0.016 204 140 62
-0.259  0.093 -0.015 215 147 68
-0.259  0.095 -0.015 222 153 71
-0.259  0.097 -0.015 215 147 63
-0.258  0.098 -0.014 214 144 61
-0.258  0.100 -0.014 215 147 64
-0.257  0.101 -0.013 212 144 66
-0.257  0.103 -0.012 208 140 66
-0.256  0.104 -0.011 199 139 68
-0.256  0.106 -0.011 193 134 76
-0.256  0.108 -0.011 207 157 84
-0.257  0.109 -0.012 213 160 86
-0.258  0.112 -0.014 216 159 85
-0.259  0.113 -0.015 205 154 91
-0.261  0.115 -0.017 155 120 93
-0.262  0.117 -0.018 126 123 88
-0.263  0.119 -0.019 128 136 98
-0.264  0.121 -0.021 137 149 107
-0.266  0.124 -0.022 146 165 121
-0.268  0.126 -0.025 159 186 141
-0.283  0.071 -0.047 166 152 121
-0.281  0.073 -0.044 149 134 105
-0.280  0.075 -0.043 140 141 97
-0.274  0.076 -0.036 133 138 89
-0.272  0.078 -0.034 124 135 80
-0.269  0.079 -0.030 123 132 84
-0.267  0.081 -0.027 109 123 83
-0.265  0.082 -0.025 95 103 67
-0.262  0.084 -0.022 94 101 61
-0.261  0.085 -0.020 122 105 58
-0.260  0.087 -0.018 169 128 63
-0.259  0.088 -0.018 185 131 58
-0.259  0.090 -0.017 195 136 61
-0.259  0.092 -0.017 200 148 72
-0.259  0.093 -0.017 205 154 81
-0.258  0.095 -0.016 210 153 73
-0.258  0.097 -0.016 211 150 62
-0.258  0.098 -0.016 216 149 62
-0.257  0.100 -0.015 216 149 65
-0.256  0.101 -0.014 217 153 69
-0.256  0.103 -0.014 218 152 75
-0.255  0.104 -0.013 218 158 84
-0.255  0.106 -0.013 173 98 80
-0.255  0.108 -0.013 166 109 75
-0.256  0.110 -0.014 179 128 89
-0.259  0.112 -0.017 184 132 94
-0.260  0.114 -0.018 176 99 89
-0.261  0.116 -0.020 159 97 83
-0.263  0.118 -0.022 137 119 93
-0.264  0.120 -0.023 132 139 100
-0.265  0.122 -0.024 138 154 108
-0.266  0.124 -0.026 149 169 124
-0.268  0.126 -0.029 163 184 142
-0.285  0.071 -0.052 167 151 120
-0.283  0.073 -0.050 148 128 102
-0.283  0.075 -0.049 140 134 95
-0.281  0.077 -0.047 134 139 94
-0.279  0.078 -0.045 122 134 87
-0.276  0.080 -0.041 123 133 84
-0.266  0.081 -0.029 100 98 76
-0.264  0.082 -0.026 92 97 66
-0.262  0.084 -0.024 96 107 64
-0.260  0.085 -0.022 116 114 64
-0.259  0.087 -0.020 165 127 63
-0.259  0.088 -0.020 187 129 58
-0.259  0.090 -0.020 194 132 59
-0.259  0.092 -0.020 200 139 62
-0.258  0.094 -0.019 202 143 62
-0.258  0.095 -0.018 204 140 62
-0.257  0.097 -0.018 208 145 61
-0.257  0.098 -0.017 213 150 64
-0.256  0.100 -0.017 217 151 65
-0.256  0.101 -0.016 221 154 70
-0.255  0.103 -0.015 221 163 81
-0.254  0.105 -0.014 219 165 94
-0.254  0.106 -0.014 175 115 89
-0.255  0.108 -0.015 161 78 73
-0.256  0.110 -0.016 172 83 74
-0.258  0.112 -0.019 180 81 76
-0.260  0.114 -0.021 181 86 77
-0.261  0.116 -0.023 178 94 82
-0.263  0.118 -0.025 169 104 95
-0.265  0.121 -0.027 150 142 107
-0.266  0.123 -0.028 146 157 117
-0.267  0.125 -0.030 158 170 136
-0.269  0.127 -0.032 174 183 152
-0.284  0.071 -0.054 168 148 118
-0.284  0.073 -0.054 155 127 99
-0.283  0.075 -0.053 146 122 90
-0.281  0.077 -0.050 137 139 91
-0.279  0.078 -0.047 123 135 88
-0.275  0.080 -0.043 118 131 86
-0.266  0.081 -0.032 100 92 69
-0.264  0.082 -0.028 93 91 66
-0.261  0.084 -0.026 92 96 64
-0.260  0.085 -0.024 104 111 64
-0.259  0.087 -0.022 157 118 59
-0.258  0.089 -0.022 183 127 59
-0.258  0.090 -0.022 191 135 60
-0.258  0.092 -0.022 196 140 60
-0.258  0.094 -0.022 197 139 59
-0.257  0.095 -0.021 202 140 62
-0.257  0.097 -0.020 206 146 64
-0.256  0.098 -0.019 210 146 64
-0.256  0.100 -0.019 216 150 67
-0.255  0.102 -0.018 219 154 72
-0.255  0.103 -0.017 219 162 80
-0.254  0.105 -0.016 216 157 81
-0.254  0.106 -0.016 184 129 96
-0.255  0.108 -0.017 172 81 75
-0.255  0.110 -0.018 179 81 74
-0.258  0.112 -0.021 184 82 78
-0.260  0.114 -0.024 190 87 81
-0.262  0.117 -0.026 196 96 90
-0.263  0.119 -0.028 193 100 91
-0.265  0.121 -0.030 173 121 100
-0.266  0.123 -0.032 167 136 119
-0.268  0.125 -0.033 173 153 145
-0.269  0.127 -0.035 185 171 157
-0.284  0.072 -0.057 169 148 115
-0.283  0.073 -0.055 162 123 97
-0.281  0.075 -0.053 152 110 90
-0.280  0.077 -0.051 139 124 86
-0.277  0.078 -0.048 125 138 92
-0.275  0.080 -0.046 110 127 91
-0.266  0.081 -0.034 101 96 68
-0.263  0.083 -0.031 94 92 65
-0.261  0.084 -0.029 93 91 65
-0.259  0.086 -0.026 98 100 59
-0.258  0.087 -0.024 125 111 62
-0.257  0.089 -0.023 169 126 65
-0.257  0.090 -0.023 184 131 63
-0.257  0.092 -0.023 190 134 60
-0.257  0.094 -0.023 194 134 62
-0.256  0.095 -0.022 198 140 64
-0.256  0.097 -0.022 202 144 63
-0.256  0.099 -0.022 206 146 63
-0.256  0.100 -0.021 211 147 69
-0.255  0.102 -0.021 212 151 74
-0.255  0.104 -0.020 214 155 81
-0.254  0.105 -0.019 213 153 84
-0.254  0.107 -0.019 185 124 94
-0.254  0.108 -0.020 177 82 73
-0.255  0.110 -0.021 189 90 81
-0.257  0.113 -0.023 190 93 91
-0.260  0.115 -0.027 198 101 97
-0.262  0.117 -0.029 210 109 110
-0.264  0.119 -0.031 206 100 93
-0.266  0.121 -0.034 192 110 100
-0.267  0.124 -0.036 185 119 116
-0.268  0.126 -0.036 188 135 132
-0.269  0.128 -0.038 197 160 146
-0.284  0.072 -0.059 168 145 115
-0.282  0.073 -0.057 163 123 98
-0.281  0.075 -0.056 158 109 90
-0.278  0.077 -0.053 148 100 80
-0.276  0.079 -0.050 131 122 85
-0.274  0.080 -0.047 119 132 89
-0.266  0.081 -0.038 104 105 71
-0.263  0.083 -0.034 97 100 64
-0.261  0.084 -0.031 97 100 67
-0.259  0.086 -0.028 96 101 66
-0.257  0.087 -0.025 106 103 66
-0.256  0.089 -0.024 130 105 65
-0.256  0.090 -0.024 159 121 62
-0.255  0.092 -0.024 178 126 61
-0.255  0.094 -0.023 187 131 65
-0.255  0.095 -0.023 194 138 68
-0.255  0.097 -0.023 199 141 67
-0.255  0.099 -0.023 203 145 72
-0.255  0.100 -0.024 203 147 77
-0.255  0.102 -0.024 204 148 83
-0.255  0.104 -0.023 198 146 89
-0.254  0.105 -0.022 179 131 93
-0.254  0.107 -0.022 166 95 84
-0.255  0.109 -0.023 175 80 76
-0.256  0.111 -0.024 185 81 82
-0.258  0.113 -0.027 191 91 95
-0.260  0.115 -0.030 208 131 121
-0.262  0.117 -0.032 202 115 129
-0.264  0.119 -0.034 207 107 101
-0.266  0.122 -0.036 179 118 113
-0.267  0.124 -0.038 158 143 146
-0.268  0.126 -0.039 170 169 163
-0.283  0.072 -0.062 164 144 117
-0.282  0.073 -0.061 163 122 97
-0.281  0.075 -0.059 161 107 87
-0.278  0.077 -0.056 156 96 80
-0.276  0.079 -0.053 155 105 84
-0.274  0.080 -0.050 138 120 83
-0.266  0.081 -0.040 120 121 80
-0.264  0.083 -0.037 109 110 74
-0.261  0.084 -0.033 107 109 71
-0.258  0.086 -0.029 108 105 71
-0.256  0.087 -0.027 99 96 68
-0.255  0.089 -0.025 127 83 62
-0.254  0.090 -0.025 130 103 68
-0.254  0.092 -0.025 133 126 70
-0.255  0.094 -0.026 141 130 74
-0.255  0.095 -0.025 154 131 83
-0.255  0.097 -0.026 170 110 75
-0.255  0.099 -0.026 189 114 80
-0.256  0.101 -0.027 196 110 87
-0.256  0.102 -0.027 182 95 85
-0.255  0.104 -0.026 146 87 84
-0.255  0.106 -0.026 152 84 81
-0.255  0.107 -0.026 162 84 82
-0.255  0.109 -0.026 172 81 80
-0.257  0.111 -0.028 180 83 84
-0.259  0.113 -0.031 186 89 94
-0.261  0.116 -0.033 197 93 96
-0.263  0.118 -0.036 199 99 99
-0.264  0.120 -0.037 200 104 104
-0.266  0.122 -0.040 153 132 131
-0.267  0.124 -0.041 139 157 164
-0.268  0.126 -0.042 164 181 175
-0.282  0.072 -0.063 165 145 116
-0.281  0.074 -0.062 161 120 94
-0.280  0.075 -0.061 160 108 90
-0.277  0.077 -0.058 157 95 81
-0.275  0.079 -0.055 159 86 78
-0.273  0.080 -0.052 153 83 73
-0.267  0.082 -0.044 150 100 78
-0.264  0.083 -0.040 134 110 87
-0.261  0.084 -0.037 109 97 79
-0.258  0.086 -0.033 94 87 79
-0.256  0.087 -0.030 92 81 80
-0.254  0.089 -0.028 125 77 66
-0.254  0.090 -0.027 132 79 65
-0.254  0.092 -0.027 125 112 72
-0.254  0.094 -0.028 133 152 91
-0.255  0.096 -0.028 148 146 105
-0.255  0.097 -0.028 166 74 72
-0.256  0.099 -0.029 181 81 84
-0.256  0.101 -0.030 196 124 112
-0.256  0.103 -0.030 179 86 90
-0.256  0.104 -0.029 119 92 100
-0.255  0.106 -0.029 115 100 102
-0.256  0.108 -0.030 145 95 97
-0.255  0.110 -0.029 164 85 90
-0.257  0.112 -0.031 176 87 85
-0.259  0.114 -0.033 183 92 89
-0.261  0.116 -0.036 189 89 92
-0.263  0.118 -0.038 191 99 99
-0.264  0.120 -0.040 172 116 119
-0.266  0.123 -0.042 133 144 153
-0.268  0.125 -0.045 134 161 169
-0.268  0.127 -0.046 164 180 175
-0.280  0.072 -0.064 164 142 115
-0.279  0.074 -0.063 162 119 95
-0.278  0.075 -0.061 162 110 91
-0.276  0.077 -0.058 160 92 78
-0.274  0.079 -0.056 160 86 74
-0.272  0.080 -0.053 158 79 73
-0.267  0.082 -0.047 160 84 78
-0.264  0.083 -0.043 148 81 75
-0.262  0.085 -0.040 105 76 74
-0.258  0.086 -0.036 86 79 88
-0.256  0.087 -0.032 88 84 91
-0.254  0.089 -0.031 110 82 77
-0.254  0.091 -0.030 133 73 66
-0.253  0.092 -0.029 139 77 66
-0.254  0.094 -0.030 141 116 87
-0.255  0.096 -0.031 148 92 91
-0.256  0.098 -0.032 168 68 66
-0.256  0.100 -0.033 180 77 75
-0.256  0.101 -0.033 188 83 89
-0.256  0.103 -0.033 157 99 104
-0.256  0.105 -0.033 108 116 127
-0.256  0.106 -0.033 98 128 140
-0.256  0.108 -0.033 112 128 145
-0.256  0.110 -0.032 128 122 132
-0.257  0.112 -0.034 146 111 124
-0.258  0.114 -0.036 158 107 124
-0.261  0.116 -0.039 162 110 127
-0.263  0.118 -0.041 155 134 135
-0.264  0.121 -0.043 135 140 154
-0.266  0.123 -0.045 128 151 164
-0.268  0.125 -0.047 137 162 168
-0.269  0.127 -0.050 164 180 170
-0.280  0.072 -0.066 164 140 114
-0.279  0.074 -0.065 160 125 96
-0.277  0.075 -0.063 166 115 92
-0.275  0.077 -0.060 161 97 82
-0.273  0.079 -0.057 160 89 76
-0.271  0.080 -0.055 163 82 72
-0.267  0.082 -0.050 157 79 70
-0.265  0.083 -0.047 124 80 71
-0.262  0.085 -0.044 96 84 81
-0.260  0.086 -0.040 87 83 89
-0.257  0.088 -0.037 92 84 85
-0.257  0.089 -0.036 101 92 86
-0.256  0.091 -0.036 107 82 77
-0.255  0.093 -0.035 130 74 63
-0.256  0.095 -0.036 148 76 69
-0.256  0.096 -0.036 156 71 67
-0.256  0.098 -0.035 168 71 66
-0.256  0.100 -0.036 179 76 74
-0.256  0.102 -0.036 162 91 94
-0.257  0.103 -0.036 120 115 126
-0.256  0.105 -0.036 104 140 152
-0.256  0.107 -0.036 120 159 172
-0.257  0.109 -0.037 116 164 179
-0.256  0.110 -0.036 106 160 184
-0.258  0.112 -0.038 111 163 193
-0.258  0.114 -0.038 129 168 203
-0.261  0.117 -0.041 128 176 203
-0.263  0.119 -0.044 123 176 197
-0.264  0.121 -0.046 121 162 181
-0.266  0.123 -0.048 126 161 176
-0.270  0.126 -0.053 140 164 170
-0.279  0.072 -0.069 164 142 115
-0.278  0.074 -0.068 151 129 101
-0.276  0.075 -0.065 141 113 97
-0.274  0.077 -0.063 143 103 84
-0.273  0.079 -0.060 155 96 76
-0.270  0.080 -0.057 159 90 71
-0.268  0.082 -0.054 146 83 71
-0.266  0.084 -0.051 108 81 73
-0.264  0.085 -0.048 91 78 74
-0.261  0.087 -0.045 89 76 70
-0.259  0.088 -0.043 94 77 69
-0.259  0.090 -0.042 120 80 69
-0.258  0.092 -0.041 114 80 65
-0.257  0.093 -0.040 108 82 66
-0.258  0.095 -0.040 118 88 69
-0.258  0.097 -0.040 126 91 71
-0.257  0.098 -0.039 130 90 79
-0.256  0.100 -0.039 127 98 93
-0.256  0.102 -0.039 114 109 114
-0.257  0.104 -0.039 97 133 143
-0.256  0.105 -0.039 96 147 167
-0.257  0.107 -0.039 103 161 181
-0.257  0.109 -0.040 103 168 189
-0.257  0.111 -0.039 100 171 204
-0.258  0.113 -0.041 130 189 226
-0.259  0.115 -0.042 149 218 248
-0.261  0.117 -0.045 122 192 230
-0.263  0.119 -0.047 116 186 215
-0.264  0.121 -0.049 122 175 195
-0.266  0.124 -0.051 129 176 191
-0.271  0.127 -0.058 142 176 182
-0.279  0.072 -0.072 163 144 119
-0.278  0.074 -0.071 144 133 104
-0.276  0.076 -0.068 126 114 101
-0.274  0.077 -0.066 122 104 93
-0.273  0.079 -0.063 124 93 79
-0.270  0.081 -0.060 146 87 72
-0.268  0.082 -0.057 150 89 72
-0.266  0.084 -0.054 138 86 70
-0.264  0.085 -0.051 116 81 69
-0.261  0.087 -0.048 98 76 68
-0.260  0.089 -0.047 128 75 64
-0.259  0.090 -0.045 152 85 64
-0.258  0.092 -0.044 151 82 62
-0.257  0.093 -0.043 136 82 61
-0.258  0.095 -0.043 111 91 66
-0.257  0.097 -0.043 107 106 80
-0.256  0.099 -0.041 104 102 94
-0.256  0.100 -0.041 99 113 113
-0.256  0.102 -0.041 89 122 130
-0.256  0.104 -0.042 87 139 152
-0.256  0.106 -0.042 90 149 173
-0.257  0.107 -0.042 95 162 186
-0.257  0.109 -0.043 102 169 197
-0.257  0.111 -0.042 102 178 214
-0.258  0.113 -0.044 117 196 238
-0.259  0.115 -0.046 119 192 232
-0.261  0.117 -0.048 112 185 222
-0.263  0.120 -0.050 120 185 209
-0.265  0.122 -0.054 128 153 164
-0.267  0.124 -0.056 139 158 167
-0.273  0.128 -0.063 150 159 167
-0.280  0.072 -0.076 161 142 117
-0.279  0.074 -0.075 147 132 103
-0.277  0.076 -0.072 124 113 104
-0.275  0.077 -0.069 113 105 95
-0.273  0.079 -0.067 106 94 85
-0.271  0.081 -0.064 113 85 78
-0.268  0.082 -0.061 123 86 71
-0.266  0.084 -0.058 146 86 71
-0.264  0.086 -0.055 149 86 68
-0.262  0.087 -0.052 143 82 67
-0.261  0.089 -0.051 167 87 64
-0.259  0.090 -0.048 179 89 65
-0.258  0.092 -0.047 179 87 63
-0.257  0.094 -0.046 171 85 60
-0.257  0.095 -0.046 148 84 62
-0.257  0.097 -0.045 116 94 71
-0.257  0.099 -0.045 106 100 86
-0.256  0.101 -0.045 103 109 109
-0.256  0.102 -0.045 94 124 132
-0.256  0.104 -0.044 89 137 153
-0.256  0.106 -0.044 90 149 171
-0.256  0.108 -0.044 93 160 184
-0.257  0.109 -0.045 97 165 195
-0.256  0.111 -0.044 97 171 203
-0.258  0.113 -0.046 100 177 212
-0.259  0.115 -0.048 100 181 215
-0.261  0.118 -0.051 107 181 216
-0.263  0.120 -0.054 113 169 198
-0.266  0.123 -0.058 123 137 159
-0.268  0.125 -0.059 139 155 170
-0.275  0.129 -0.069 159 158 160
-0.280  0.072 -0.080 162 142 117
-0.279  0.074 -0.078 145 136 106
-0.277  0.076 -0.076 124 115 106
-0.275  0.078 -0.073 112 105 98
-0.273  0.079 -0.070 105 96 91
-0.271  0.081 -0.067 100 90 81
-0.268  0.083 -0.064 102 84 74
-0.267  0.084 -0.061 115 83 74
-0.265  0.086 -0.059 141 82 68
-0.263  0.087 -0.056 175 88 65
-0.261  0.089 -0.054 190 94 66
-0.259  0.091 -0.051 193 94 64
-0.258  0.092 -0.050 197 92 63
-0.257  0.094 -0.049 190 90 65
-0.257  0.096 -0.049 175 85 63
-0.257  0.097 -0.049 147 86 68
-0.257  0.099 -0.048 117 87 74
-0.257  0.101 -0.048 104 91 91
-0.256  0.103 -0.048 106 110 117
-0.256  0.104 -0.047 99 130 143
-0.256  0.106 -0.047 95 142 163
-0.256  0.108 -0.047 95 152 177
-0.257  0.110 -0.048 96 160 188
-0.256  0.111 -0.047 95 167 196
-0.258  0.114 -0.050 96 170 202
-0.259  0.116 -0.051 100 176 205
-0.262  0.118 -0.055 114 178 199
-0.264  0.121 -0.058 115 146 170
-0.267  0.123 -0.062 123 129 147
-0.269  0.126 -0.065 138 144 155
-0.276  0.129 -0.073 166 162 158
-0.281  0.072 -0.084 157 144 119
-0.279  0.074 -0.082 141 139 116
-0.277  0.076 -0.079 125 124 114
-0.275  0.078 -0.076 113 112 102
-0.273  0.079 -0.073 104 102 93
-0.271  0.081 -0.071 104 92 86
-0.269  0.083 -0.067 105 87 77
-0.267  0.084 -0.065 115 81 73
-0.265  0.086 -0.063 145 77 67
-0.263  0.088 -0.060 184 99 70
-0.262  0.089 -0.058 197 99 68
-0.260  0.091 -0.055 205 93 65
-0.259  0.092 -0.054 217 100 70
-0.258  0.094 -0.052 210 104 77
-0.257  0.096 -0.051 196 90 70
-0.257  0.098 -0.051 179 86 66
-0.256  0.099 -0.051 123 81 69
-0.256  0.101 -0.050 114 77 77
-0.255  0.103 -0.049 123 83 84
-0.255  0.104 -0.049 128 99 108
-0.256  0.106 -0.050 114 124 136
-0.256  0.108 -0.050 108 140 157
-0.256  0.110 -0.051 109 156 173
-0.257  0.112 -0.051 106 161 180
-0.258  0.114 -0.053 108 164 185
-0.260  0.116 -0.055 111 167 187
-0.262  0.119 -0.058 114 143 172
-0.265  0.121 -0.062 116 129 153
-0.270  0.124 -0.069 127 136 152
-0.272  0.127 -0.071 142 146 156
-0.278  0.130 -0.079 176 170 158
-0.281  0.072 -0.087 151 144 121
-0.279  0.074 -0.085 138 139 116
-0.277  0.076 -0.082 121 130 120
-0.275  0.078 -0.079 110 116 108
-0.273  0.080 -0.076 107 105 94
-0.271  0.081 -0.074 111 92 80
-0.269  0.083 -0.071 128 88 72
-0.267  0.085 -0.068 140 84 66
-0.265  0.086 -0.066 164 88 65
-0.264  0.088 -0.064 188 92 66
-0.262  0.089 -0.061 198 91 64
-0.260  0.091 -0.058 206 91 62
-0.259  0.093 -0.057 216 96 66
-0.257  0.094 -0.055 216 98 77
-0.256  0.096 -0.054 226 102 81
-0.256  0.098 -0.054 209 99 75
-0.256  0.099 -0.053 132 85 74
-0.256  0.101 -0.053 125 72 73
-0.255  0.103 -0.052 143 76 73
-0.255  0.105 -0.052 166 86 86
-0.256  0.107 -0.053 166 96 100
-0.256  0.109 -0.054 156 99 108
-0.257  0.110 -0.054 135 112 125
-0.257  0.112 -0.055 126 119 136
-0.259  0.114 -0.057 147 119 139
-0.260  0.117 -0.059 126 125 144
-0.265  0.120 -0.066 120 132 150
-0.268  0.122 -0.069 120 125 145
-0.271  0.125 -0.074 128 135 155
-0.275  0.128 -0.079 150 150 157
-0.280  0.072 -0.090 153 145 120
-0.279  0.074 -0.088 136 133 108
-0.277  0.076 -0.085 123 126 115
-0.274  0.078 -0.082 112 120 107
-0.273  0.080 -0.079 106 102 92
-0.271  0.081 -0.076 134 92 75
-0.269  0.083 -0.074 151 90 70
-0.267  0.085 -0.071 156 88 67
-0.265  0.086 -0.069 174 91 65
-0.263  0.088 -0.066 186 92 68
-0.261  0.090 -0.063 196 92 62
-0.259  0.091 -0.061 205 93 61
-0.259  0.093 -0.060 213 94 63
-0.257  0.095 -0.058 223 99 76
-0.256  0.096 -0.057 231 128 99
-0.256  0.098 -0.056 218 107 84
-0.256  0.100 -0.056 149 84 76
-0.256  0.101 -0.056 146 75 73
-0.256  0.103 -0.056 146 75 70
-0.256  0.105 -0.056 156 83 77
-0.256  0.107 -0.057 173 85 82
-0.257  0.109 -0.057 173 89 87
-0.258  0.111 -0.059 155 93 93
-0.263  0.114 -0.065 144 93 96
-0.265  0.116 -0.068 175 101 106
-0.267  0.119 -0.071 139 115 128
-0.269  0.121 -0.074 141 125 143
-0.272  0.124 -0.078 135 126 138
-0.274  0.126 -0.081 136 136 147
-0.277  0.129 -0.085 162 156 152
-0.280  0.073 -0.093 157 148 117
-0.278  0.074 -0.090 139 132 101
-0.276  0.076 -0.087 126 121 100
-0.274  0.078 -0.084 114 108 96
-0.272  0.080 -0.082 106 97 88
-0.270  0.081 -0.079 149 96 79
-0.269  0.083 -0.077 162 93 71
-0.267  0.085 -0.074 168 90 70
-0.265  0.087 -0.072 185 98 72
-0.263  0.088 -0.069 185 95 73
-0.261  0.090 -0.066 193 94 67
-0.259  0.091 -0.063 202 89 64
-0.258  0.093 -0.062 210 93 66
-0.257  0.095 -0.060 223 95 69
-0.256  0.096 -0.059 231 106 80
-0.256  0.098 -0.059 216 95 77
-0.256  0.100 -0.059 188 89 72
-0.256  0.102 -0.059 179 83 74
-0.256  0.104 -0.059 156 77 72
-0.256  0.105 -0.060 147 79 73
-0.257  0.107 -0.060 157 83 79
-0.258  0.109 -0.061 161 86 85
-0.260  0.112 -0.065 158 89 86
-0.263  0.114 -0.069 156 88 88
-0.265  0.117 -0.072 183 102 103
-0.267  0.119 -0.075 148 119 126
-0.270  0.122 -0.078 176 131 128
-0.273  0.124 -0.083 186 137 127
-0.275  0.127 -0.086 171 141 141
-0.277  0.129 -0.089 184 159 149
-0.280  0.073 -0.095 157 151 116
-0.278  0.074 -0.093 144 136 99
-0.275  0.076 -0.089 129 126 96
-0.273  0.078 -0.086 113 105 96
-0.272  0.080 -0.084 106 97 92
-0.270  0.082 -0.082 148 93 83
-0.268  0.083 -0.080 167 95 73
-0.267  0.085 -0.078 174 90 69
-0.265  0.087 -0.074 185 103 74
-0.263  0.088 -0.072 186 98 76
-0.261  0.090 -0.069 191 95 72
-0.259  0.092 -0.066 195 90 65
-0.258  0.093 -0.065 192 90 64
-0.257  0.095 -0.064 204 92 66
-0.257  0.097 -0.063 217 88 69
-0.256  0.098 -0.062 221 90 69
-0.256  0.100 -0.062 223 95 73
-0.256  0.102 -0.063 212 93 77
-0.256  0.104 -0.063 179 81 76
-0.257  0.106 -0.063 155 83 78
-0.258  0.108 -0.064 151 85 81
-0.258  0.110 -0.065 154 87 84
-0.259  0.112 -0.067 160 90 86
-0.263  0.115 -0.073 177 90 92
-0.265  0.117 -0.075 165 108 115
-0.267  0.119 -0.078 149 125 137
-0.271  0.122 -0.083 204 150 131
-0.274  0.125 -0.087 218 142 119
-0.276  0.128 -0.091 196 141 131
-0.280  0.073 -0.099 158 153 117
-0.277  0.075 -0.095 147 141 99
-0.275  0.076 -0.092 132 130 97
-0.273  0.078 -0.090 115 105 100
-0.272  0.080 -0.088 103 97 97
-0.270  0.082 -0.085 128 91 87
-0.268  0.084 -0.083 164 94 74
-0.267  0.085 -0.081 177 92 68
-0.265  0.087 -0.078 182 94 69
-0.263  0.089 -0.076 187 95 72
-0.261  0.090 -0.072 193 100 73
-0.259  0.092 -0.070 184 96 73
-0.258  0.094 -0.069 172 77 64
-0.257  0.095 -0.067 189 84 63
-0.257  0.097 -0.067 209 85 67
-0.256  0.099 -0.066 223 93 76
-0.257  0.101 -0.067 243 105 84
-0.257  0.102 -0.066 230 107 92
-0.257  0.104 -0.067 169 86 86
-0.258  0.106 -0.067 151 88 85
-0.258  0.108 -0.069 162 91 86
-0.259  0.110 -0.070 169 91 87
-0.260  0.112 -0.071 177 92 88
-0.264  0.115 -0.077 168 100 101
-0.266  0.117 -0.079 141 112 127
-0.269  0.120 -0.083 171 127 142
-0.273  0.123 -0.089 218 154 140
-0.274  0.125 -0.092 225 144 119
-0.277  0.128 -0.096 206 143 128
-0.279  0.073 -0.101 157 149 114
-0.276  0.075 -0.097 149 145 99
-0.274  0.076 -0.094 133 133 98
-0.273  0.078 -0.092 116 113 100
-0.271  0.080 -0.090 101 98 100
-0.270  0.082 -0.088 105 93 95
-0.269  0.084 -0.087 130 94 87
-0.267  0.085 -0.085 168 96 74
-0.265  0.087 -0.082 181 93 69
-0.264  0.089 -0.079 187 96 70
-0.261  0.090 -0.076 190 97 73
-0.260  0.092 -0.074 148 94 85
-0.259  0.094 -0.072 139 77 77
-0.258  0.095 -0.071 176 80 69
-0.257  0.097 -0.070 208 87 65
-0.256  0.099 -0.069 225 95 69
-0.257  0.101 -0.070 241 107 82
-0.257  0.103 -0.070 211 117 97
-0.257  0.105 -0.071 138 104 113
-0.258  0.107 -0.071 128 96 94
-0.259  0.109 -0.073 154 101 91
-0.260  0.111 -0.074 171 97 89
-0.262  0.113 -0.076 185 98 88
-0.265  0.116 -0.081 150 110 105
-0.266  0.118 -0.083 131 121 130
-0.269  0.121 -0.087 192 133 124
-0.274  0.124 -0.094 226 142 119
-0.276  0.126 -0.097 222 140 117
-0.278  0.129 -0.100 208 148 129
-0.278  0.073 -0.104 156 148 113
-0.275  0.075 -0.099 150 145 100
-0.273  0.077 -0.097 137 136 97
-0.272  0.078 -0.095 125 124 98
-0.271  0.080 -0.094 111 105 96
-0.270  0.082 -0.091 103 95 94
-0.268  0.084 -0.089 106 93 94
-0.267  0.086 -0.088 137 89 82
-0.265  0.087 -0.085 166 90 70
-0.264  0.089 -0.083 180 96 72
-0.262  0.091 -0.080 167 101 79
-0.260  0.092 -0.077 117 94 102
-0.259  0.094 -0.076 111 91 105
-0.258  0.096 -0.075 132 87 91
-0.257  0.097 -0.073 172 90 78
-0.257  0.099 -0.073 203 99 74
-0.257  0.101 -0.073 217 104 80
-0.257  0.103 -0.074 187 120 108
-0.258  0.105 -0.075 127 122 144
-0.259  0.107 -0.076 115 104 112
-0.260  0.109 -0.077 131 106 97
-0.261  0.111 -0.078 162 102 91
-0.262  0.113 -0.080 187 104 89
-0.264  0.116 -0.083 175 111 102
-0.266  0.118 -0.086 173 119 120
-0.269  0.121 -0.090 211 130 108
-0.274  0.124 -0.097 223 138 113
-0.276  0.127 -0.101 216 138 120
-0.278  0.129 -0.103 208 157 136
-0.277  0.073 -0.106 152 146 117
-0.274  0.075 -0.101 149 142 102
-0.272  0.077 -0.099 141 141 99
-0.272  0.078 -0.098 137 130 93
-0.271  0.080 -0.096 134 103 83
-0.269  0.082 -0.094 127 96 81
-0.268  0.084 -0.093 122 93 81
-0.268  0.086 -0.092 130 89 77
-0.265  0.088 -0.089 151 85 72
-0.264  0.089 -0.087 167 87 72
-0.262  0.091 -0.083 161 88 79
-0.260  0.093 -0.081 136 87 96
-0.259  0.094 -0.080 113 93 112
-0.258  0.096 -0.078 101 94 111
-0.258  0.098 -0.077 118 90 102
-0.257  0.100 -0.077 144 94 91
-0.257  0.102 -0.077 181 96 81
-0.258  0.103 -0.078 191 110 92
-0.258  0.105 -0.078 174 119 115
-0.259  0.107 -0.079 137 113 122
-0.260  0.109 -0.080 119 115 114
-0.261  0.112 -0.082 143 118 99
-0.262  0.114 -0.084 172 120 96
-0.264  0.116 -0.086 192 115 98
-0.265  0.118 -0.089 207 118 104
-0.268  0.121 -0.093 220 128 105
-0.273  0.124 -0.100 218 138 123
-0.276  0.127 -0.104 212 137 126
-0.278  0.130 -0.107 209 162 141
-0.277  0.073 -0.109 152 144 118
-0.273  0.075 -0.103 146 138 104
-0.272  0.077 -0.101 144 140 101
-0.271  0.079 -0.100 146 118 87
-0.270  0.080 -0.098 149 101 76
-0.269  0.082 -0.097 144 95 73
-0.268  0.084 -0.095 137 92 73
-0.267  0.086 -0.095 133 90 73
-0.265  0.088 -0.092 149 85 76
-0.263  0.089 -0.089 165 86 75
-0.261  0.091 -0.086 171 85 81
-0.260  0.093 -0.084 175 98 95
-0.259  0.094 -0.082 132 87 94
-0.258  0.096 -0.081 94 89 102
-0.258  0.098 -0.080 90 89 104
-0.257  0.100 -0.080 97 91 105
-0.257  0.102 -0.080 125 90 99
-0.258  0.104 -0.081 152 101 96
-0.259  0.106 -0.082 188 112 105
-0.259  0.108 -0.083 147 123 131
-0.260  0.110 -0.084 114 123 129
-0.261  0.112 -0.085 125 133 103
-0.262  0.114 -0.087 146 141 104
-0.264  0.116 -0.089 177 153 113
-0.265  0.119 -0.092 192 143 117
-0.268  0.122 -0.097 203 122 108
-0.274  0.125 -0.104 208 127 121
-0.276  0.128 -0.108 209 138 128
-0.278  0.130 -0.111 208 166 142
-0.276  0.073 -0.112 157 143 115
-0.273  0.075 -0.106 143 135 103
-0.271  0.077 -0.104 135 137 105
-0.270  0.079 -0.103 136 115 88
-0.269  0.081 -0.101 150 103 77
-0.268  0.082 -0.100 151 96 72
-0.268  0.084 -0.099 144 94 72
-0.267  0.086 -0.098 132 94 75
-0.265  0.088 -0.095 142 101 81
-0.263  0.090 -0.093 163 86 78
-0.261  0.091 -0.088 178 84 80
-0.259  0.093 -0.086 179 95 92
-0.258  0.095 -0.085 128 99 87
-0.258  0.096 -0.084 90 89 97
-0.257  0.098 -0.083 85 88 95
-0.257  0.100 -0.083 86 91 99
-0.258  0.102 -0.084 93 91 104
-0.258  0.104 -0.084 110 98 118
-0.258  0.106 -0.085 144 117 135
-0.259  0.108 -0.086 126 126 146
-0.260  0.110 -0.088 110 129 135
-0.261  0.112 -0.089 121 143 107
-0.262  0.115 -0.091 132 164 118
-0.264  0.117 -0.093 161 192 144
-0.265  0.119 -0.095 172 178 136
-0.269  0.122 -0.101 186 122 112
-0.274  0.125 -0.109 198 124 117
-0.277  0.128 -0.113 206 141 129
-0.279  0.131 -0.117 210 173 144
-0.282  0.072 -0.124 172 151 115
-0.277  0.073 -0.116 160 141 112
-0.273  0.075 -0.110 144 141 101
-0.272  0.077 -0.108 133 138 103
-0.270  0.079 -0.106 129 121 91
-0.269  0.081 -0.105 151 104 79
-0.268  0.083 -0.103 147 98 76
-0.268  0.084 -0.102 135 92 73
-0.267  0.086 -0.102 126 97 79
-0.265  0.088 -0.099 131 129 90
-0.263  0.090 -0.096 142 116 87
-0.261  0.091 -0.092 154 114 88
-0.260  0.093 -0.090 149 124 94
-0.259  0.095 -0.089 120 130 98
-0.258  0.097 -0.088 96 117 111
-0.257  0.098 -0.087 87 91 103
-0.257  0.100 -0.087 86 93 102
-0.258  0.102 -0.088 86 96 113
-0.258  0.104 -0.088 94 108 138
-0.259  0.106 -0.089 105 120 151
-0.260  0.108 -0.090 108 126 151
-0.260  0.110 -0.091 108 133 135
-0.261  0.113 -0.092 124 151 113
-0.262  0.115 -0.094 134 176 125
-0.264  0.117 -0.097 151 199 149
-0.266  0.120 -0.099 166 192 143
-0.270  0.123 -0.106 181 125 116
-0.275  0.126 -0.114 193 129 119
-0.278  0.129 -0.118 201 152 134
-0.286  0.070 -0.133 176 149 111
-0.283  0.072 -0.129 170 145 109
-0.278  0.073 -0.121 160 140 110
-0.273  0.075 -0.114 146 146 99
-0.272  0.077 -0.112 136 141 97
-0.270  0.079 -0.110 132 125 89
-0.269  0.081 -0.108 154 103 78
-0.268  0.083 -0.107 136 103 78
-0.268  0.085 -0.106 116 94 76
-0.267  0.087 -0.105 113 100 82
-0.266  0.088 -0.103 123 142 92
-0.264  0.090 -0.100 125 139 93
-0.261  0.092 -0.096 128 145 96
-0.260  0.093 -0.094 127 153 102
-0.259  0.095 -0.093 127 163 119
-0.259  0.097 -0.092 117 163 142
-0.258  0.099 -0.091 105 127 120
-0.258  0.101 -0.091 94 105 114
-0.258  0.103 -0.091 88 105 129
-0.258  0.105 -0.092 91 117 144
-0.259  0.107 -0.092 96 127 156
-0.260  0.109 -0.094 104 141 160
-0.260  0.111 -0.094 117 142 142
-0.261  0.113 -0.096 130 153 118
-0.263  0.115 -0.098 137 176 124
-0.264  0.118 -0.101 148 193 138
-0.266  0.120 -0.104 163 177 139
-0.272  0.124 -0.113 182 131 119
-0.277  0.127 -0.120 191 145 128
-0.289  0.068 -0.142 177 148 112
-0.286  0.070 -0.137 169 140 107
-0.283  0.072 -0.133 167 141 106
-0.277  0.074 -0.124 155 142 108
-0.273  0.075 -0.117 144 145 96
-0.271  0.077 -0.115 137 142 95
-0.270  0.079 -0.113 145 122 86
-0.269  0.081 -0.111 158 104 76
-0.268  0.083 -0.109 124 105 81
-0.268  0.085 -0.109 102 101 85
-0.267  0.087 -0.108 103 108 90
-0.265  0.088 -0.106 119 141 94
-0.264  0.090 -0.103 118 143 95
-0.261  0.092 -0.100 118 155 98
-0.260  0.094 -0.098 121 163 106
-0.260  0.096 -0.097 131 178 123
-0.259  0.097 -0.096 133 186 142
-0.258  0.099 -0.095 123 167 130
-0.258  0.101 -0.095 104 126 116
-0.258  0.103 -0.095 95 122 132
-0.258  0.105 -0.095 100 129 147
-0.259  0.107 -0.096 101 146 170
-0.260  0.109 -0.097 105 165 186
-0.260  0.111 -0.098 137 151 167
-0.261  0.113 -0.099 146 144 117
-0.263  0.116 -0.102 137 165 126
-0.265  0.118 -0.105 142 186 144
-0.267  0.121 -0.108 161 155 140
-0.273  0.124 -0.117 183 137 126
-0.292  0.066 -0.150 178 149 111
-0.289  0.068 -0.146 170 141 107
-0.286  0.070 -0.141 164 135 102
-0.283  0.072 -0.136 162 139 103
-0.277  0.074 -0.127 150 144 105
-0.272  0.075 -0.120 140 140 93
-0.271  0.077 -0.118 136 136 93
-0.269  0.079 -0.115 156 115 86
-0.268  0.081 -0.114 153 105 79
-0.267  0.083 -0.112 114 106 88
-0.267  0.085 -0.112 98 110 101
-0.266  0.087 -0.111 99 116 104
-0.265  0.089 -0.109 112 138 104
-0.264  0.090 -0.107 116 146 99
-0.261  0.092 -0.103 118 154 98
-0.260  0.094 -0.101 122 165 106
-0.259  0.096 -0.100 130 179 118
-0.259  0.098 -0.099 138 185 128
-0.258  0.099 -0.098 128 172 127
-0.258  0.101 -0.098 114 144 117
-0.258  0.103 -0.099 102 132 128
-0.258  0.105 -0.099 104 137 147
-0.259  0.107 -0.099 102 159 182
-0.259  0.109 -0.100 112 185 209
-0.259  0.111 -0.100 163 153 179
-0.261  0.114 -0.103 176 134 121
-0.263  0.116 -0.107 141 151 143
-0.265  0.119 -0.109 130 175 170
-0.267  0.121 -0.112 142 154 165
-0.273  0.125 -0.122 169 146 146
-0.292  0.066 -0.154 172 145 109
-0.289  0.068 -0.149 164 137 101
-0.285  0.070 -0.144 161 133 97
-0.282  0.072 -0.139 159 135 99
-0.276  0.074 -0.130 147 142 103
-0.272  0.075 -0.124 137 137 92
-0.271  0.077 -0.121 135 133 91
-0.269  0.079 -0.119 151 116 86
-0.268  0.081 -0.117 135 106 84
-0.267  0.083 -0.115 107 113 100
-0.267  0.085 -0.115 96 119 118
-0.266  0.087 -0.114 102 125 120
-0.265  0.089 -0.112 111 141 124
-0.263  0.091 -0.110 110 147 114
-0.261  0.092 -0.106 115 151 106
-0.260  0.094 -0.105 122 159 107
-0.259  0.096 -0.104 135 179 115
-0.259  0.098 -0.103 127 159 118
-0.258  0.100 -0.102 116 146 117
-0.258  0.102 -0.101 109 132 115
-0.258  0.104 -0.102 103 120 121
-0.259  0.106 -0.103 107 131 141
-0.259  0.108 -0.103 111 156 178
-0.260  0.110 -0.105 138 174 196
-0.260  0.112 -0.105 201 148 153
-0.262  0.114 -0.107 205 138 131
-0.264  0.117 -0.111 145 146 161
-0.266  0.119 -0.114 120 163 182
-0.268  0.122 -0.117 122 164 188
-0.275  0.126 -0.128 145 156 165
-0.279  0.129 -0.134 163 171 168
-0.291  0.066 -0.157 168 142 107
-0.288  0.068 -0.153 161 135 98
-0.286  0.070 -0.148 159 131 96
-0.282  0.072 -0.143 157 131 98
-0.276  0.074 -0.134 146 133 102
-0.272  0.076 -0.128 136 131 93
-0.271  0.078 -0.125 134 136 93
-0.269  0.079 -0.123 133 124 91
-0.268  0.081 -0.120 113 105 90
-0.267  0.083 -0.119 104 119 110
-0.266  0.085 -0.118 96 127 128
-0.265  0.087 -0.116 103 133 134
-0.264  0.089 -0.115 106 144 144
-0.263  0.091 -0.113 100 144 138
-0.261  0.092 -0.110 102 141 122
-0.260  0.094 -0.108 114 146 110
-0.259  0.096 -0.107 139 180 115
-0.259  0.098 -0.106 111 129 112
-0.258  0.100 -0.106 98 115 108
-0.258  0.102 -0.106 95 108 112
-0.259  0.104 -0.106 98 104 115
-0.259  0.106 -0.107 120 115 122
-0.259  0.108 -0.107 146 133 137
-0.261  0.110 -0.110 179 139 142
-0.261  0.112 -0.110 231 139 118
-0.262  0.115 -0.112 214 144 131
-0.265  0.117 -0.116 143 140 159
-0.267  0.120 -0.119 116 150 168
-0.268  0.122 -0.122 116 163 185
-0.275  0.126 -0.132 136 161 171
-0.279  0.129 -0.138 158 175 173
-0.291  0.066 -0.162 166 140 106
-0.288  0.068 -0.156 160 135 99
-0.286  0.070 -0.152 157 130 96
-0.282  0.072 -0.146 155 129 98
-0.276  0.074 -0.137 145 124 102
-0.272  0.076 -0.131 135 122 93
-0.271  0.078 -0.129 131 137 96
-0.269  0.080 -0.126 117 127 94
-0.268  0.081 -0.124 103 101 92
-0.267  0.083 -0.122 102 116 111
-0.266  0.085 -0.122 97 133 131
-0.265  0.087 -0.120 96 138 143
-0.264  0.089 -0.118 95 144 156
-0.263  0.091 -0.116 94 146 156
-0.261  0.093 -0.114 94 138 139
-0.260  0.095 -0.112 104 137 117
-0.260  0.097 -0.111 136 179 117
-0.259  0.098 -0.111 107 133 121
-0.259  0.100 -0.110 93 102 110
-0.259  0.102 -0.110 91 107 120
-0.259  0.104 -0.110 98 107 127
-0.259  0.106 -0.111 121 114 122
-0.260  0.108 -0.112 160 114 109
-0.261  0.111 -0.114 200 120 101
-0.261  0.113 -0.114 223 131 108
-0.263  0.115 -0.117 186 137 128
-0.266  0.118 -0.121 131 131 146
-0.267  0.120 -0.124 114 143 160
-0.270  0.123 -0.128 115 158 178
-0.276  0.127 -0.137 138 169 178
-0.279  0.130 -0.143 161 176 173
-0.289  0.066 -0.162 168 142 107
-0.287  0.068 -0.158 163 137 103
-0.284  0.070 -0.154 155 131 99
-0.281  0.072 -0.149 152 130 99
-0.276  0.074 -0.142 144 124 101
-0.272  0.076 -0.135 134 118 93
-0.270  0.078 -0.132 128 135 98
-0.269  0.080 -0.129 112 123 96
-0.267  0.082 -0.127 101 101 92
-0.266  0.084 -0.125 101 110 105
-0.266  0.085 -0.125 100 135 125
-0.265  0.087 -0.123 97 140 141
-0.264  0.089 -0.122 99 146 155
-0.263  0.091 -0.120 99 149 159
-0.262  0.093 -0.118 98 142 145
-0.261  0.095 -0.117 100 131 119
-0.260  0.097 -0.116 130 172 115
-0.260  0.099 -0.115 113 153 133
-0.260  0.101 -0.115 95 103 116
-0.259  0.103 -0.114 89 110 130
-0.259  0.105 -0.114 100 120 146
-0.260  0.107 -0.115 110 131 155
-0.260  0.109 -0.115 131 124 134
-0.261  0.111 -0.118 168 129 121
-0.262  0.113 -0.119 173 126 122
-0.264  0.116 -0.122 137 125 136
-0.266  0.118 -0.125 113 133 151
-0.268  0.121 -0.129 117 155 168
-0.271  0.124 -0.133 127 170 180
-0.276  0.127 -0.141 147 177 182
-0.285  0.068 -0.159 168 140 105
-0.283  0.070 -0.155 158 134 100
-0.279  0.072 -0.150 152 130 100
-0.275  0.074 -0.144 143 125 101
-0.272  0.076 -0.139 132 118 94
-0.271  0.078 -0.137 124 121 99
-0.269  0.080 -0.133 109 114 100
-0.267  0.082 -0.131 103 102 95
-0.266  0.084 -0.129 100 106 101
-0.266  0.086 -0.128 107 137 109
-0.265  0.088 -0.127 110 136 121
-0.264  0.090 -0.125 124 129 129
-0.263  0.091 -0.123 122 136 136
-0.262  0.093 -0.122 114 128 130
-0.261  0.095 -0.120 105 117 108
-0.260  0.097 -0.120 126 157 110
-0.260  0.099 -0.119 116 153 132
-0.260  0.101 -0.119 98 101 120
-0.259  0.103 -0.118 87 105 133
-0.259  0.105 -0.118 98 121 152
-0.260  0.107 -0.120 103 129 166
-0.260  0.109 -0.120 108 130 152
-0.262  0.112 -0.123 120 138 148
-0.262  0.114 -0.123 120 134 154
-0.264  0.116 -0.126 110 139 161
-0.267  0.119 -0.132 112 154 175
-0.270  0.122 -0.135 126 178 179
-0.272  0.124 -0.139 143 180 172
-0.276  0.127 -0.145 159 178 168
-0.281  0.070 -0.157 165 139 103
-0.278  0.072 -0.153 155 132 101
-0.275  0.074 -0.147 144 127 101
-0.273  0.076 -0.144 131 119 97
-0.271  0.078 -0.140 117 109 100
-0.269  0.080 -0.138 108 105 102
-0.268  0.082 -0.135 105 104 103
-0.266  0.084 -0.133 102 111 103
-0.266  0.086 -0.132 114 140 99
-0.265  0.088 -0.130 127 132 95
-0.264  0.090 -0.130 154 107 96
-0.263  0.092 -0.128 157 114 104
-0.262  0.094 -0.126 145 103 103
-0.261  0.095 -0.125 130 98 92
-0.261  0.097 -0.125 131 124 101
-0.261  0.099 -0.124 115 123 115
-0.260  0.101 -0.124 107 95 110
-0.260  0.103 -0.123 98 103 130
-0.260  0.105 -0.123 98 114 142
-0.261  0.108 -0.124 102 122 149
-0.261  0.110 -0.125 100 126 151
-0.263  0.112 -0.128 108 142 158
-0.264  0.114 -0.130 113 159 174
-0.267  0.117 -0.134 119 173 185
-0.269  0.120 -0.139 129 186 188
-0.272  0.123 -0.143 132 181 169
-0.274  0.125 -0.146 155 184 149
-0.276  0.128 -0.149 168 181 153
-0.278  0.072 -0.156 160 137 104
-0.275  0.074 -0.151 148 128 98
-0.273  0.076 -0.148 138 123 97
-0.271  0.078 -0.145 124 115 99
-0.270  0.080 -0.143 117 109 103
-0.268  0.082 -0.139 104 108 106
-0.267  0.084 -0.138 101 108 105
-0.266  0.086 -0.136 112 135 101
-0.265  0.088 -0.135 127 144 97
-0.264  0.090 -0.134 148 136 100
-0.263  0.092 -0.132 164 128 107
-0.262  0.094 -0.131 170 100 99
-0.261  0.096 -0.129 174 99 90
-0.261  0.098 -0.129 159 93 90
-0.261  0.100 -0.128 138 87 91
-0.261  0.102 -0.128 129 87 89
-0.260  0.104 -0.127 120 94 108
-0.260  0.106 -0.127 119 131 126
-0.261  0.108 -0.129 112 134 140
-0.262  0.110 -0.130 105 124 146
-0.264  0.113 -0.133 112 135 153
-0.266  0.115 -0.136 123 160 165
-0.267  0.118 -0.139 130 172 171
-0.271  0.121 -0.145 142 180 156
-0.273  0.123 -0.148 144 172 139
-0.274  0.126 -0.151 159 179 141
-0.276  0.128 -0.153 176 181 150
-0.275  0.074 -0.155 154 133 101
-0.273  0.076 -0.152 140 123 97
-0.271  0.078 -0.149 134 121 96
-0.270  0.080 -0.147 126 115 100
-0.268  0.082 -0.144 112 109 104
-0.267  0.084 -0.141 104 111 106
-0.266  0.086 -0.141 107 127 101
-0.265  0.088 -0.140 124 149 98
-0.265  0.090 -0.139 137 166 111
-0.264  0.092 -0.137 148 160 115
-0.263  0.094 -0.135 142 111 94
-0.262  0.096 -0.134 165 93 85
-0.262  0.098 -0.134 172 94 89
-0.262  0.100 -0.134 164 87 87
-0.261  0.102 -0.133 151 81 80
-0.261  0.104 -0.132 147 90 88
-0.261  0.106 -0.132 141 150 109
-0.262  0.108 -0.134 134 160 136
-0.263  0.111 -0.135 116 125 138
-0.265  0.113 -0.139 114 130 145
-0.267  0.116 -0.143 136 165 148
-0.269  0.119 -0.147 132 154 145
-0.271  0.121 -0.150 142 157 131
-0.273  0.124 -0.152 155 169 135
-0.275  0.126 -0.156 166 178 146
-0.272  0.076 -0.154 147 130 99
-0.270  0.078 -0.152 139 125 96
-0.269  0.080 -0.149 134 122 99
-0.268  0.082 -0.147 128 119 100
-0.267  0.084 -0.145 119 127 99
-0.266  0.086 -0.144 116 135 97
-0.265  0.089 -0.144 124 139 92
-0.265  0.091 -0.143 126 155 106
-0.264  0.093 -0.142 129 142 103
-0.263  0.094 -0.140 126 109 88
-0.263  0.096 -0.139 160 94 76
-0.262  0.098 -0.138 163 90 79
-0.262  0.101 -0.138 159 81 77
-0.262  0.103 -0.138 160 78 80
-0.261  0.104 -0.136 174 92 90
-0.261  0.107 -0.136 166 139 106
-0.262  0.109 -0.138 160 156 128
-0.263  0.111 -0.140 128 118 126
-0.264  0.113 -0.142 111 124 139
-0.268  0.116 -0.148 116 127 144
-0.270  0.119 -0.152 124 134 151
-0.272  0.122 -0.155 146 153 144
-0.273  0.124 -0.157 162 166 146
-0.275  0.127 -0.160 174 175 151
-0.270  0.079 -0.155 145 130 98
-0.268  0.081 -0.152 140 127 97
-0.267  0.083 -0.150 136 125 98
-0.266  0.085 -0.149 128 141 94
-0.265  0.087 -0.148 122 146 96
-0.265  0.089 -0.147 119 143 95
-0.265  0.091 -0.147 121 149 97
-0.264  0.093 -0.146 122 124 91
-0.264  0.095 -0.145 129 106 84
-0.263  0.097 -0.144 165 99 77
-0.263  0.099 -0.144 172 93 78
-0.262  0.101 -0.143 167 83 77
-0.262  0.103 -0.143 180 82 80
-0.261  0.105 -0.141 196 94 93
-0.261  0.107 -0.141 199 108 102
-0.262  0.109 -0.142 185 116 107
-0.263  0.111 -0.144 138 112 119
-0.265  0.114 -0.146 113 120 133
-0.269  0.117 -0.154 116 129 148
-0.271  0.120 -0.157 125 140 162
-0.272  0.122 -0.159 148 153 153
-0.273  0.125 -0.161 168 164 148
-0.274  0.127 -0.163 187 173 149
-0.268  0.081 -0.155 141 129 100
-0.266  0.083 -0.153 134 130 99
-0.265  0.085 -0.152 127 142 95
-0.265  0.087 -0.151 127 153 95
-0.265  0.089 -0.151 127 154 101
-0.264  0.091 -0.150 121 147 99
-0.264  0.093 -0.150 125 129 95
-0.264  0.095 -0.149 135 105 87
-0.263  0.097 -0.148 173 103 79
-0.263  0.099 -0.148 188 97 78
-0.263  0.101 -0.148 197 96 78
-0.263  0.103 -0.147 210 97 81
-0.262  0.105 -0.146 223 105 92
-0.262  0.107 -0.146 227 128 109
-0.262  0.110 -0.146 185 127 114
-0.263  0.112 -0.148 140 119 125
-0.264  0.114 -0.150 116 123 142
-0.267  0.117 -0.155 114 131 155
-0.269  0.120 -0.159 121 140 161
-0.271  0.122 -0.161 149 155 154
-0.272  0.125 -0.164 175 166 150
-0.265  0.083 -0.155 144 132 100
-0.264  0.085 -0.153 134 136 103
-0.264  0.087 -0.153 135 154 101
-0.264  0.089 -0.153 141 169 113
-0.264  0.091 -0.153 141 173 121
-0.264  0.093 -0.153 137 126 107
-0.263  0.095 -0.152 139 113 94
-0.263  0.097 -0.152 175 103 85
-0.263  0.099 -0.152 195 101 78
-0.263  0.102 -0.152 211 101 78
-0.263  0.104 -0.151 224 108 82
-0.262  0.106 -0.151 235 117 91
-0.262  0.108 -0.150 225 130 104
-0.263  0.110 -0.151 177 127 116
-0.264  0.112 -0.153 149 128 129
-0.264  0.115 -0.154 131 129 140
-0.267  0.117 -0.160 125 131 150
-0.269  0.120 -0.162 140 143 152
-0.270  0.123 -0.165 168 162 150
-0.262  0.085 -0.155 153 140 115
-0.262  0.087 -0.155 145 143 113
-0.262  0.089 -0.154 151 146 112
-0.262  0.091 -0.154 154 148 115
-0.262  0.093 -0.154 152 139 113
-0.262  0.095 -0.154 149 134 109
-0.262  0.097 -0.154 172 118 103
-0.262  0.100 -0.155 195 105 89
-0.262  0.102 -0.155 215 103 83
-0.263  0.104 -0.156 229 109 85
-0.262  0.106 -0.155 228 123 97
-0.262  0.108 -0.154 199 133 111
-0.263  0.110 -0.155 172 138 124
-0.263  0.113 -0.157 161 143 135
-0.264  0.115 -0.159 156 149 142
-0.267  0.118 -0.164 162 151 146
-0.261  0.089 -0.156 164 147 120
-0.261  0.091 -0.156 153 147 116
-0.261  0.093 -0.156 157 140 118
-0.261  0.095 -0.156 157 141 117
-0.261  0.098 -0.156 161 136 118
-0.261  0.100 -0.157 177 134 114
-0.262  0.102 -0.158 193 130 106
-0.262  0.104 -0.159 199 129 107
-0.262  0.106 -0.158 194 137 120
-0.262  0.108 -0.159 183 144 128

